0000000000000000000000000000000000000000
1111111011100000000000000000000000000000
1111111100110100000000000000000000000000
1111111100101100000000000000000000000000
1111111101010100000000000000000000000000
1111111101011100000000000000000000000000
1111111111110101000010000010000000000000
1111111100111000000000000000000000000000
1111111110000000000000000000000000000000
0000000000000000000000000000000000000000
0000000000000000000000000000000000000000
1111111011101000000011000000000000000000
1111111000110000000000001110001000000000
0000000000000000000000000000000000000000
0000000000000000000000000000000000000000
0000000000000000000000000000000000000000
0000000000000000000000000000000000000000
0000000000000000000000000000000000000000
0000000000000000000000000000000000000000
1111111111101000000001110010000000001000
0000000000000000000001101010000000000000
1111111111100000000000001100000000000000
1111111110000000000001110000000000000000
0000000000000000000000000000000000000000
1111111100000000000000000000000000000000
1111111011000000001000100000000000100111
0000000000000000000000000000000000000000
1111111011101000000111100000000000000000
1111111111101000000000010010000000000000
1111111111011000000000010000001100000000
0000000000000111110001100000000000000000
1111111100001000000000000000000000000000
1111111111110100000000000010000000000000
1111111111011000000001110000001000000000
1111110110100101000010000010000000000000
0000000000000000000000001110001000000000
1111110110101101000010000010000000000000
0000000000001000000000001110001000000000
0000000000000000000010000010000000000000
0000000000001000000010000010001000000000
0000000000010000000000001110001000000000
0000000000000000000010010010000000000000
0000000000111000000000001110001000000000
0000000001100000000011000010000000000000
0000000001011000000011100010001000000000
0000000001001000000011000011010000000000
0000000001000000000011100010001000000000
0000000000111000000010100010001000000000
0000000000110000000010110010001000000000
0000000000101000000011010010001000000000
0000000001010000000000001110001000000000
0000000001101000000000001111001000000000
0000000010010000000100010010000000000000
0000000010001000000100110010001000000000
0000000001111000000100010011010000000000
0000000001110000000100110010001000000000
0000000001010000000011110010001000000000
0000000001001000000100000010001000000000
0000000001000000000100100010001000000000
0000000010000000000000001110001000000000
0000000000011000000000001110001000000000
0000000010011000000000001111001000000000
0000000000000101000010000010000000000000
0000000010110000000000001110001000000000
0000000011011000000101100010000000000000
0000000011010000000110000010001000000000
0000000011000000000101100011010000000000
0000000010111000000110000010001000000000
0000000010110000000101000010001000000000
0000000010101000000101010010001000000000
0000000010100000000101110010001000000000
0000000011001000000000001110001000000000
0000000011100000000000001111001000000000
0000000100001000000110110010000000000000
0000000100000000000111010010001000000000
0000000011110000000110110011010000000000
0000000011101000000111010010001000000000
0000000011001000000110010010001000000000
0000000011000000000110100010001000000000
0000000010111000000111000010001000000000
0000000011111000000000001110001000000000
0000000000100000000000001110001000000000
0000000100010000000000001111001000000000
0000000000001000000111100010000000000000
0000000100111000000000001110001000000000
0000000101100000001000010010000000000000
0000000101011000001000110010001000000000
0000000101001000001000010011010000000000
0000000101000000001000110010001000000000
0000000100111000000111110010001000000000
0000000100110000001000000010001000000000
0000000100101000001000100010001000000000
0000000101010000000000001110001000000000
0000000101101000000000001111001000000000
0000000110010000001001100010000000000000
0000000110001000001010000010001000000000
0000000101111000001001100011010000000000
0000000101110000001010000010001000000000
0000000101010000001001000010001000000000
0000000101001000001001010010001000000000
0000000101000000001001110010001000000000
0000000110000000000000001110001000000000
0000000100011000000000001110001000000000
0000000110011000000000001111001000000000
0000000000001101000010000010000000000000
0000000110110000000000001110001000000000
0000000111011000001010110010000000000000
0000000111010000001011010010001000000000
0000000111000000001010110011010000000000
0000000110111000001011010010001000000000
0000000110110000001010010010001000000000
0000000110101000001010100010001000000000
0000000110100000001011000010001000000000
0000000111001000000000001110001000000000
0000000111100000000000001111001000000000
0000001000001000001100000010000000000000
0000001000000000001100100010001000000000
0000000111110000001100000011010000000000
0000000111101000001100100010001000000000
0000000111001000001011100010001000000000
0000000111000000001011110010001000000000
0000000110111000001100010010001000000000
0000000111111000000000001110001000000000
0000000100100000000000001110001000000000
0000001000010000000000001111001000000000
0000000000010101000010000010000000000000
1111111111011000001100110000001000000000
0000001000011000000000001110001000000000
0000000000000000001101000010000000000000
0000001000100000000000001110001000000000
0000000000000000000000000000000000000000
0000000000001000001101010010000000000000
0000001000101000000000001110001000000000
0000000000000000000000000000000000000000
0000000000100000001101100010000000000000
0000000100100000001101100010001000000000
0000001000110000000000001110001000000000
0000000000100000001101110010000000000000
0000001000111000000000001110001000000000
0000000100100000001110000010000000000000
0000001000111000001110000010001000000000
0000001001000000000000001110001000000000
1111111110000000010000000000000000000000
0000001000110101000010000010000000000000
0000001001100000000000001110001000000000
1111111011110000000000000000000000000000
1111111100000000000000000000000000000000
1111111101000000001111100000000000000000
1111111101101000001111110000000000000000
1111111011010011011001000000000000000000
0000000000000000000000000000000000000000
0000001001001000000000001110001000000000
0000001001001000010000010010000000000000
0000001010000000000000001110001000000000
0000000000000000000000000000000000000000
0000001010000000010000110010000000000000
0000001010010000000000001110001000000000
0000001010010101000010000100000000000000
1111111111011000010001100000010000000000
0000001010010000010001100010000000000000
1111111111011000010001100000001000000000
0000001010010000010001100010000000000000
0000001010011000000000001110001000000000
0000001010011000010001000100010001000000
0000001010011000000000001110010000000000
0000001010010101000010000010000000000000
1111111111101101000010000010001001001000
0000000000000000000000000000000000000000
1111111111101000010001010100000000100101
0000001010010101000010000010000001000000
1111111111101101000010000010001001001000
0000000000000000000000000000000000000000
1111111111101000010001010100000001100101
0000001010011000000000001110010000000000
0000001010011000010000100010000000000000
0000001010001000000000001110001000000000
1111111111101000011011000010000000000000
0000001011110000000000001110001000000000
0000001011110000000000001100000000000000
0000001010001111111111110010000000000000
0000001011111000000000001110001000000000
0000001011111000000000001100000000000000
0000001011111111111111110010000000000000
0000001100011000000000001110001000000000
0000001100100000000000001111001000000000
0000001011000101000010000010000000000000
0000001011000000011010010010001001000000
0000001100100000011010010010001000000000
1111111111011000011011110000001000000000
0000001010110101000010000011010000000000
0000001010110000011010010010001001000000
0000001100011000011010011000001000000000
1111111111011000011011100000001000000000
0000001100011000011010010010001000000000
0000001010111000000000001110001000000000
0000001011001000000000001111001000000000
0000001100101000000000001111011000000000
0000001011100101000010000010000000001000
0000001011101000000000001110001000000000
0000001011010101000010000010000000000000
1111111111101000011010110010001001100111
0000001011011000000000001110001000000000
0000001100101101000010000010001001001000
0000001100101101000010000010000000000000
0000001011011000000000001110001000100111
1111111111101000011010100010000000000000
0000001011101000000000001110001000100111
0000001011101101000010000010000000001000
1111111111111101000010000010001001000000
0000001011101000000000001110001000100110
0000001011011101000110100010000000000000
0000001100110000000000001110001000000000
0000001100111000000000001111001000000000
0000001100110000000000001100000000000000
0000000000000000000000000000000000000000
0000000000000000000000000000000000000000
0000000000000000010010001010000100000000
1111111111100101000010000010000000000000
0000000000000000010001111010000100000000
1111111111100101000010000010001001000000
0000001100000000000000001110001000000000
0000001100111000000000001100000000000000
0000001100000111111111110010000000000000
1111111111100101000010000010001000000000
0000001100010000000000001110001000000000
0000001100010000000000001100000000000000
1111111111011000011100010000001000000000
0000001011110111111111110010000000000000
0000001100010000000000001110001000000000
0000001100010000000000001100000000000000
1111111111011000011100000000001000000000
0000001001000111111111110010000000000000
0000001010100000000000001110001000000000
0000001001000111111111110010000000000000
0000001010101000000000001110001000000000
0000001010100000011101000010000000000000
0000001010101000011101000010001000000000
0000001101000000000000001110001000000000
0000001101000000011101010010000000000000
0000001101001000000000001110001000000000
0000001000110000011101100010000000000000
0000001000110000011101100100000000000000
0000001101001000011101110010001000000000
0000001101000000011101110100010000000000
0000001101010000000000001110001000000000
0000001101011000000000001110010000000000
0000000000011000011110000010000000000000
0000000100011000011110000100000000000000
0000001101010000011110010010001000000000
0000001101011000011110010100010000000000
0000001101110000000000001110001000000000
0000001110001000000000001110010000000000
0000001110110000011111010010000000000000
0000001110101000011111100010001000000000
0000001110011000011111010011010000000000
0000001110010000011111100010001000000000
0000001101110000011110100010001000000000
0000001101101000011110110010001000000000
0000001101100000011111000010001000000000
0000001110100000000000001110001000000000
0000001110111000000000001111001000000000
0000001111100000011111010010000000000000
0000001111011000011111100010001000000000
0000001111001000011111010011010000000000
0000001111000000011111100010001000000000
0000001110001000011110100010001000000000
0000001110000000011110110010001000000000
0000001101111000011111000010001000000000
0000001111010000000000001110001000000000
0000001111101000000000001111001000000000
0000001110100000011111110010000000000000
0000010000000000000000001110001000000000
0000000000000000000000000000000000000000
0000001111010000100000000010000000000000
0000010000011000000000001110001000000000
0000000000000000000000000000000000000000
0000010000101000100000010010000000000000
0000010000100000100000100010001000000000
0000010000000000100000110010001000000000
0000001111111000100001000010001000000000
0000001111110000100001010010001000000000
0000010000110000000000001110001000000000
0000010001000000100000010010000000000000
0000010000111000100000100010001000000000
0000010000011000100000110010001000000000
0000010000010000100001000010001000000000
0000010000001000100001010010001000000000
0000010001001000000000001110001000000000
0000010001011000100001100010000000000000
0000010001010000100001110010001000000000
0000010000110000100010000010001000000000
0000010000101000100010010010001000000000
0000010000100000100010100010001000000000
0000010001100000000000001110001000000000
0000010001110000100001100010000000000000
0000010001101000100001110010001000000000
0000010001001000100010000010001000000000
0000010001000000100010010010001000000000
0000010000111000100010100010001000000000
0000010001111000000000001110001000000000
1111111111101000101100000010000000000000
0000010011000000000000001110001000000000
0000010011000101000010010010000000000000
0000010011000000000000001110001000000000
0000010011000000000000001100000000000000
0000010001100111111111110010000000000000
0000010011001000000000001110001000000000
0000010011001000000000001100000000000000
0000010011001111111111110010000000000000
0000010011101000000000001110001000000000
0000010011110000000000001111001000000000
0000010010010101000010000010000000000000
0000010010010000101011010010001001000000
0000010011110000101011010010001000000000
1111111111011000101100110000001000000000
0000010010000101000010000011010000000000
0000010010000000101011010010001001000000
0000010011101000101011011000001000000000
1111111111011000101100100000001000000000
0000010011101000101011010010001000000000
0000010010001000000000001110001000000000
0000010010011000000000001111001000000000
0000010011111000000000001111011000000000
0000010010110101000010000010000000001000
0000010010111000000000001110001000000000
0000010010100101000010000010000000000000
1111111111101000101011110010001001100111
0000010010101000000000001110001000000000
0000010011111101000010000010001001001000
0000010011111101000010000010000000000000
0000010010101000000000001110001000100111
1111111111101000101011100010000000000000
0000010010111000000000001110001000100111
0000010010111101000010000010000000001000
1111111111111101000010000010001001000000
0000010010111000000000001110001000100110
0000010010101101000110100010000000000000
0000010100000000000000001110001000000000
0000010100001000000000001111001000000000
0000010100000000000000001100000000000000
0000000000000000000000000000000000000000
0000000000000000000000000000000000000000
0000000000000000100011001010000100000000
1111111111100101000010000010000000000000
0000000000000000100010111010000100000000
1111111111100101000010000010001001000000
0000010011010000000000001110001000000000
0000010100001000000000001100000000000000
0000010011010111111111110010000000000000
1111111111100101000010000010001000000000
0000010011100000000000001110001000000000
0000010011100000000000001100000000000000
1111111111011000101101010000001000000000
0000010011000101000001110010000000000000
0000010011000000000000001110001000000000
0000010011000111111111110010000000000000
0000010011100000000000001110001000000000
1111111111101000101100000010000000000000
0000010101010000000000001110001000000000
0000010101010101000010010010000000000000
0000010101010000000000001110001000000000
0000010101010000000000001100000000000000
0000010001111111111111110010000000000000
0000010101011000000000001110001000000000
0000010101011000000000001100000000000000
0000010101011111111111110010000000000000
0000010101111000000000001110001000000000
0000010110000000000000001111001000000000
0000010100100101000010000010000000000000
0000010100100000101011010010001001000000
0000010110000000101011010010001000000000
1111111111011000101101110000001000000000
0000010100010101000010000011010000000000
0000010100010000101011010010001001000000
0000010101111000101011011000001000000000
1111111111011000101101100000001000000000
0000010101111000101011010010001000000000
0000010100011000000000001110001000000000
0000010100101000000000001111001000000000
0000010110001000000000001111011000000000
0000010101000101000010000010000000001000
0000010101001000000000001110001000000000
0000010100110101000010000010000000000000
1111111111101000101011110010001001100111
0000010100111000000000001110001000000000
0000010110001101000010000010001001001000
0000010110001101000010000010000000000000
0000010100111000000000001110001000100111
1111111111101000101011100010000000000000
0000010101001000000000001110001000100111
0000010101001101000010000010000000001000
1111111111111101000010000010001001000000
0000010101001000000000001110001000100110
0000010100111101000110100010000000000000
0000010110010000000000001110001000000000
0000010110011000000000001111001000000000
0000010110010000000000001100000000000000
0000000000000000000000000000000000000000
0000000000000000000000000000000000000000
0000000000000000100011001010000100000000
1111111111100101000010000010000000000000
0000000000000000100010111010000100000000
1111111111100101000010000010001001000000
0000010101100000000000001110001000000000
0000010110011000000000001100000000000000
0000010101100111111111110010000000000000
1111111111100101000010000010001000000000
0000010101110000000000001110001000000000
0000010101110000000000001100000000000000
1111111111011000101110010000001000000000
0000010101010101000001110010000000000000
0000010101010000000000001110001000000000
0000010101010111111111110010000000000000
0000010101110000000000001110001000000000
0000010011100101000010000100000000000000
0000010101110101000010000010010001001000
0000010101110101000010000010000000000000
0000010110100000000000001110001000010101
1111111111101000101100010100000000000000
1111111111101101000010000010000000001000
0000000000000000000000000000000000000000
0000010011100101000010000010000000000000
0000010110100101000010000010000000100011
0000010011100000000000001110001000000000
0000010011100000000000001100000000000000
0000010001100111111111110010000000000000
0000010110111000000000001110001000000000
1111111111101111111111110010000000000000
1111111111011000101101000000001000000000
0000010101110101000010000010000000000000
0000010110100101000010000010000000100011
0000010101110000000000001110001000000000
0000010101110000000000001100000000000000
0000010001111111111111110010000000000000
0000010111010000000000001110001000000000
1111111111101111111111110010000000000000
1111111111011000101110000000001000000000
0000010111100000101110100010000000000000
0000010111011000101110110010001000000000
0000010110111000101111000010001000000000
0000010110110000101111010010001000000000
0000010110101000101111100010001000000000
0000010111101000000000001110001000000000
0000010111111000101110100010000000000000
0000010111110000101110110010001000000000
0000010111010000101111000010001000000000
0000010111001000101111010010001000000000
0000010111000000101111100010001000000000
0000011000000000000000001110001000000000
0000011000010000101111110010000000000000
0000011000001000110000000010001000000000
0000010111101000110000010010001000000000
0000010111100000110000100010001000000000
0000010111011000110000110010001000000000
0000011000011000000000001110001000000000
0000011000101000101111110010000000000000
0000011000100000110000000010001000000000
0000011000000000110000010010001000000000
0000010111111000110000100010001000000000
0000010111110000110000110010001000000000
0000011000110000000000001110001000000000
1111111110000000111010100000000000000000
0000011000011101000010000010000000000000
0000011001011000000000001110001000000000
0000011000110101000010000010000000000000
0000011111000000000000001110001000000000
1111111011110000000000000000000000000000
1111111100000000000000000000000000000000
1111111101000000111001110000000000000000
1111111101101000111010010000000000000000
1111111011010011011100010000000000000000
0000000000000000000000000000000000000000
0000011000111000000000001110001000000000
1111111101000000111010000000000000000000
1111111101101000111010010000000000000000
1111111011010011011100010000000000000000
0000000000000000000000000000000000000000
0000011001000000000000001110001000000000
0000011000111000111010110010000000000000
0000100100111000000000001110001000000000
0000100101100000111011100010000000000000
0000100101011000111100000010001000000000
0000100101001000111011100011010000000000
0000100101000000111100000010001000000000
0000100100111000111011000010001000000000
0000100100110000111011010010001000000000
0000100100101000111011110010001000000000
0000100101010000000000001110001000000000
0000100101101000000000001111001000000000
0000100110010000111100110010000000000000
0000100110001000111101010010001000000000
0000100101111000111100110011010000000000
0000100101110000111101010010001000000000
0000100101010000111100010010001000000000
0000100101001000111100100010001000000000
0000100101000000111101000010001000000000
0000100110000000000000001110001000000000
0000100100011000000000001110001000000000
0000100110011000000000001111001000000000
0000011000111101000010000010000000000000
0000100110110000000000001110001000000000
0000100111011000111110000010000000000000
0000100111010000111110100010001000000000
0000100111000000111110000011010000000000
0000100110111000111110100010001000000000
0000100110110000111101100010001000000000
0000100110101000111101110010001000000000
0000100110100000111110010010001000000000
0000100111001000000000001110001000000000
0000100111100000000000001111001000000000
0000101000001000111111010010000000000000
0000101000000000111111110010001000000000
0000100111110000111111010011010000000000
0000100111101000111111110010001000000000
0000100111001000111110110010001000000000
0000100111000000111111000010001000000000
0000100110111000111111100010001000000000
0000100111111000000000001110001000000000
0000100100100000000000001110001000000000
0000101000010000000000001111001000000000
0000011001000001000000000010000000000000
0000101000111000000000001110001000000000
0000101001100001000000110010000000000000
0000101001011001000001010010001000000000
0000101001001001000000110011010000000000
0000101001000001000001010010001000000000
0000101000111001000000010010001000000000
0000101000110001000000100010001000000000
0000101000101001000001000010001000000000
0000101001010000000000001110001000000000
0000101001101000000000001111001000000000
0000101010010001000010000010000000000000
0000101010001001000010100010001000000000
0000101001111001000010000011010000000000
0000101001110001000010100010001000000000
0000101001010001000001100010001000000000
0000101001001001000001110010001000000000
0000101001000001000010010010001000000000
0000101010000000000000001110001000000000
0000101000011000000000001110001000000000
0000101010011000000000001111001000000000
0000011001000101000010000010000000000000
0000101010110000000000001110001000000000
0000101011011001000011010010000000000000
0000101011010001000011110010001000000000
0000101011000001000011010011010000000000
0000101010111001000011110010001000000000
0000101010110001000010110010001000000000
0000101010101001000011000010001000000000
0000101010100001000011100010001000000000
0000101011001000000000001110001000000000
0000101011100000000000001111001000000000
0000101100001001000100100010000000000000
0000101100000001000101000010001000000000
0000101011110001000100100011010000000000
0000101011101001000101000010001000000000
0000101011001001000100000010001000000000
0000101011000001000100010010001000000000
0000101010111001000100110010001000000000
0000101011111000000000001110001000000000
0000101000100000000000001110001000000000
0000101100010000000000001111001000000000
1111111111101001010000000100000000000000
0000100100100101000010010010000000000000
0000101000100101000010010010001000000000
0000101101101000000000001110001000000000
0000101101101101000011000010000000000000
0000101110111000000000001110001000000000
0000101110111000000000001100000000000000
0000101110111111111111110010000000000000
0000101111000000000000001110001000000000
0000101101101000000000001100000000000000
0000101101101111111111110010000000000000
0000101110001000000000001110001000000000
0000101110010000000000001111001000000000
0000101111001101000010000010000000000000
0000101111001001001111010010001001000000
0000101111000001001111010010001000001000
0000101111010000000000001110001000000000
0000101100111101000010000010000000000000
0000101100111001001111010010001001000000
0000101110010001001111010010001000000000
0000101100101101000010000011010000000000
0000101100101001001111010010001001000000
0000101110001001001111010010001000000000
0000101100110000000000001110001000000000
1111111111110101000010000100001000000000
0000101101000000000000001111001000000000
0000101111010101000010000010000000000000
1111111111110101000010001000001000000000
1111111111110101000010001000010000100011
1111111111101101000010100010000000000000
0000000000000000000000000000000000000000
0000101110110000000000001111011000000000
0000101110110101000010000010001000000000
0000101110011000000000001110001000000000
0000101110011000000000001111011000100011
0000101101011101000010000010000000001000
0000101101100000000000001110001000000000
0000101101001101000010000010000000000000
1111111111101001001111110010001001100111
0000101101010000000000001110001000000000
0000101110011101000010000010001001001000
0000101110011101000010000010000000000000
0000101101010000000000001110001000100111
1111111111101001001111100010000000000000
0000101101100000000000001110001000100111
0000101101100101000010000010000000001000
1111111111111101000010000010001001000000
0000101101100000000000001110001000100110
0000101101010101000110100010000000000000
0000101110100000000000001110001000000000
0000101110101000000000001111001000000000
0000101110100000000000001100000000000000
0000000000000000000000000000000000000000
0000000000000000000000000000000000000000
0000000000000001000101101010000100000000
1111111111100101000010000010000000000000
0000000000000001000101011010000100000000
1111111111100101000010000010001001000000
0000101101110000000000001110001000000000
0000101110101000000000001100000000000000
0000101101110111111111110010000000000000
1111111111100101000010000010001000000000
0000101110000000000000001110001000000000
0000101110000000000000001100000000000000
0000100100100111111111110010000000000000
0000101100011000000000001110001000000000
0000101000100111111111110010000000000000
0000101100100000000000001110001000000000
1111111111101001010000010010000000000000
0000101111111101000010000010001001000000
0000110000011000000000001110001000000000
0000110000001101000010000010000000000000
0000101111111101000010000011010000000000
0000110000011001010000100010001000000000
0000110000000000000000001110001000000000
0000110000000000000000001100000000000000
0000110000010000000000001111001000000000
0000100100011111111111110010000000000000
0000101111011000000000001110001000000000
0000101000011111111111110010000000000000
0000101111100000000000001110001000000000
0000101100011111111111110010000000000000
0000101111101000000000001110001000000000
0000101100100111111111110010000000000000
0000101111110000000000001110001000000000
1111111111101001011011100100000000000000
0000101111011101000010010010000000000000
0000101111100101000010010010001000000000
0000110001110000000000001110001000000000
0000110001110101000011000010000000000000
0000110011000000000000001110001000000000
0000110011000000000000001100000000000000
0000110011000111111111110010000000000000
0000110011001000000000001110001000000000
0000110001110000000000001100000000000000
0000110001110111111111110010000000000000
0000110010010000000000001110001000000000
0000110010011000000000001111001000000000
0000110011010101000010000010000000000000
0000110011010001011010110010001001000000
0000110011001001011010110010001000001000
0000110011011000000000001110001000000000
0000110001000101000010000010000000000000
0000110001000001011010110010001001000000
0000110010011001011010110010001000000000
0000110000110101000010000011010000000000
0000110000110001011010110010001001000000
0000110010010001011010110010001000000000
0000110000111000000000001110001000000000
1111111111110101000010000100001000000000
0000110001001000000000001111001000000000
0000110011011101000010000010000000000000
1111111111110101000010001000001000000000
1111111111110101000010001000010000100011
1111111111101101000010100010000000000000
0000000000000000000000000000000000000000
0000110010111000000000001111011000000000
0000110010111101000010000010001000000000
0000110010100000000000001110001000000000
0000110010100000000000001111011000100011
0000110001100101000010000010000000001000
0000110001101000000000001110001000000000
0000110001010101000010000010000000000000
1111111111101001011011010010001001100111
0000110001011000000000001110001000000000
0000110010100101000010000010001001001000
0000110010100101000010000010000000000000
0000110001011000000000001110001000100111
1111111111101001011011000010000000000000
0000110001101000000000001110001000100111
0000110001101101000010000010000000001000
1111111111111101000010000010001001000000
0000110001101000000000001110001000100110
0000110001011101000110100010000000000000
0000110010101000000000001110001000000000
0000110010110000000000001111001000000000
0000110010101000000000001100000000000000
0000000000000000000000000000000000000000
0000000000000000000000000000000000000000
0000000000000001010001001010000100000000
1111111111100101000010000010000000000000
0000000000000001010000111010000100000000
1111111111100101000010000010001001000000
0000110001111000000000001110001000000000
0000110010110000000000001100000000000000
0000110001111111111111110010000000000000
1111111111100101000010000010001000000000
0000110010001000000000001110001000000000
0000110010001000000000001100000000000000
0000101111011111111111110010000000000000
0000110000100000000000001110001000000000
0000101111100111111111110010000000000000
0000110000101000000000001110001000000000
0000101111110001011011110010000000000000
0000110000101001011011110010001000000000
0000110011100000000000001110001000000000
0000101111101001011100000010000000000000
0000110000100001011100000010001000000000
0000110011101000000000001110001000000000
1111111111101001100111000100000000000000
0000110011101000000000001100000000000000
0000110011101111111111110010000000000000
0000110101010000000000001110001000000000
0000110101011000000000001111001000000000
0000110011101101000011000010000000000000
0000110101111000000000001110001000000000
0000110101111000000000001100000000000000
0000110101111111111111110010000000000000
0000110101111000000000001110001000000000
0000110110000101000010000010000000000000
0000110110000001100110010010001001000000
0000110101111001100110010010001000001000
0000110110001000000000001110001000000000
0000110100001101000010000010000000000000
0000110100001001100110010010001001000000
0000110101011001100110010010001000000000
0000110011111101000010000011010000000000
0000110011111001100110010010001001000000
0000110101010001100110010010001000000000
0000110100000000000000001110001000000000
1111111111110101000010000100001000000000
0000110100010000000000001111001000000000
0000110110001101000010000010000000000000
1111111111110101000010001000001000000000
1111111111110101000010001000010000100011
1111111111101101000010100010000000000000
0000000000000000000000000000000000000000
0000110110010000000000001111011000000000
0000110110010101000010000010001000000000
0000110101100000000000001110001000000000
0000110101100000000000001111011000100011
0000110100101101000010000010000000001000
0000110100110000000000001110001000000000
0000110100011101000010000010000000000000
1111111111101001100110110010001001100111
0000110100100000000000001110001000000000
0000110101100101000010000010001001001000
0000110101100101000010000010000000000000
0000110100100000000000001110001000100111
1111111111101001100110100010000000000000
0000110100110000000000001110001000100111
0000110100110101000010000010000000001000
1111111111111101000010000010001001000000
0000110100110000000000001110001000100110
0000110100100101000110100010000000000000
0000110101101000000000001110001000000000
0000110101110000000000001111001000000000
0000110101101000000000001100000000000000
0000000000000000000000000000000000000000
0000000000000000000000000000000000000000
0000000000000001011100101010000100000000
1111111111100101000010000010000000000000
0000000000000001011100011010000100000000
1111111111100101000010000010001001000000
0000110100111000000000001110001000000000
0000110101110000000000001100000000000000
0000110100111111111111110010000000000000
1111111111100101000010000010001000000000
0000110101001000000000001110001000000000
0000110101001000000000001100000000000000
0000110011101111111111110010000000000000
0000110011110000000000001110001000000000
1111111111101001110010000100000000000000
0000110011100000000000001100000000000000
0000110011100111111111110010000000000000
0000110111111000000000001110001000000000
0000111000000000000000001111001000000000
0000110011100101000011000010000000000000
0000111000100000000000001110001000000000
0000111000100000000000001100000000000000
0000111000100111111111110010000000000000
0000111000100000000000001110001000000000
0000111000101101000010000010000000000000
0000111000101001110001010010001001000000
0000111000100001110001010010001000001000
0000111000110000000000001110001000000000
0000110110110101000010000010000000000000
0000110110110001110001010010001001000000
0000111000000001110001010010001000000000
0000110110100101000010000011010000000000
0000110110100001110001010010001001000000
0000110111111001110001010010001000000000
0000110110101000000000001110001000000000
1111111111110101000010000100001000000000
0000110110111000000000001111001000000000
0000111000110101000010000010000000000000
1111111111110101000010001000001000000000
1111111111110101000010001000010000100011
1111111111101101000010100010000000000000
0000000000000000000000000000000000000000
0000111000111000000000001111011000000000
0000111000111101000010000010001000000000
0000111000001000000000001110001000000000
0000111000001000000000001111011000100011
0000110111010101000010000010000000001000
0000110111011000000000001110001000000000
0000110111000101000010000010000000000000
1111111111101001110001110010001001100111
0000110111001000000000001110001000000000
0000111000001101000010000010001001001000
0000111000001101000010000010000000000000
0000110111001000000000001110001000100111
1111111111101001110001100010000000000000
0000110111011000000000001110001000100111
0000110111011101000010000010000000001000
1111111111111101000010000010001001000000
0000110111011000000000001110001000100110
0000110111001101000110100010000000000000
0000111000010000000000001110001000000000
0000111000011000000000001111001000000000
0000111000010000000000001100000000000000
0000000000000000000000000000000000000000
0000000000000000000000000000000000000000
0000000000000001100111101010000100000000
1111111111100101000010000010000000000000
0000000000000001100111011010000100000000
1111111111100101000010000010001001000000
0000110111100000000000001110001000000000
0000111000011000000000001100000000000000
0000110111100111111111110010000000000000
1111111111100101000010000010001000000000
0000110111110000000000001110001000000000
0000110111110000000000001100000000000000
0000110011100111111111110010000000000000
0000110110011000000000001110001000000000
0000110011110001110010010010000000000000
0000111001000000000000001110001000000000
0000000000000000000000000000000000000000
0000110110011001110010100010000000000000
0000111001001000000000001110001000000000
0000000000000000000000000000000000000000
0000001000100001110010110010000000000000
0000111001000001110011000010001000000000
0000111001010000000000001110001000000000
0000001000101001110010110010000000000000
0000111001001001110011000010001000000000
0000111001011000000000001110001000000000
0000111001010101000010000010000000000000
1111110110110000000000001110001000000000
0000111001011101000010000010000000000000
1111110110111000000000001110001000000000
0000000000000000000000000000000000000000
1111111000110000000000000000000000000000
0000000000000000000000000000000000000000
1111111011000000000011110000000000000000
0000000000000000000000000000000000000000
1111111001011000000000000000000000000000
0000000000000111110010110000000000000000
1111111011101011011011000000000000000000
1111111000100111110001100010000000000000
1111111000100111110001100010001000000000
1111111000100111110001100010001000000000
1111111000100111110001100010001000000000
1111111001010111110001100010001000000000
1111111000111000000000001110001000000000
1111111011111000000000000000000000000000
1111111100001000000000000000000000000000
1111111011011000000000000000000000000000
0000000000000000000000000000000000000000
1111111001011000000000000000000000000000
0000000000000111110010110000000000000000
1111111011101011011111000000000000000000
1111111000110111110001100010000000000000
1111111000001111110000010010001000000000
1111111000110111110001100011010000000000
1111111000110111110001100010001000000000
1111111001001111110001100010001000000000
1111111000110111110001100010001000000000
1111111000011111110010010010001000000000
1111111001000000000000001111001000000000
1111111000110000000000001110001000000000
1111111011111000000000000000000000000000
1111111100001000000000000000000000000000
1111111011011000000000000000000000000000
0000000000000000000000000000000000000000
