0000000000000000000000000000000000000000
1111111011100000000000000000000000000000
1111111100110100000000000000000000000000
1111111100101100000000000000000000000000
1111111101010100000000000000000000000000
1111111101011100000000000000000000000000
1111111111110101000010000010000000000000
1111111100111000000000000000000000000000
1111111110000000000000000000000000000000
0000000000000000000000000000000000000000
0000000000000000000000000000000000000000
1111111011101000000011000000000000000000
1111111000110000000000001110001000000000
0000000000000000000000000000000000000000
0000000000000000000000000000000000000000
0000000000000000000000000000000000000000
0000000000000000000000000000000000000000
0000000000000000000000000000000000000000
0000000000000000000000000000000000000000
1111111111101000000001110010000000001000
0000000000000000000001101010000000000000
1111111111100000000000001100000000000000
1111111110000000000001110000000000000000
0000000000000000000000000000000000000000
1111111100000000000000000000000000000000
1111111011000000001000100000000000100111
0000000000000000000000000000000000000000
1111111011101000000111100000000000000000
1111111111101000000000010010000000000000
1111111111011000000000010000001100000000
0000000000000111110001100000000000000000
1111111100001000000000000000000000000000
1111111111110100000000000010000000000000
1111111111011000000001110000001000000000
1111110100100101000010000010000000000000
0000000000000000000000001110001000000000
1111110100101101000010000010000000000000
0000000000001000000000001110001000000000
0000000000000000000010000010000000000000
0000000000001000000010000010001000000000
0000000000010000000000001110001000000000
0000000000000000000010010010000000000000
0000000000111000000000001110001000000000
0000000001100000000011000010000000000000
0000000001011000000011100010001000000000
0000000001001000000011000011010000000000
0000000001000000000011100010001000000000
0000000000111000000010100010001000000000
0000000000110000000010110010001000000000
0000000000101000000011010010001000000000
0000000001010000000000001110001000000000
0000000001101000000000001111001000000000
0000000010010000000100010010000000000000
0000000010001000000100110010001000000000
0000000001111000000100010011010000000000
0000000001110000000100110010001000000000
0000000001010000000011110010001000000000
0000000001001000000100000010001000000000
0000000001000000000100100010001000000000
0000000010000000000000001110001000000000
0000000000011000000000001110001000000000
0000000010011000000000001111001000000000
0000000000000101000010000010000000000000
0000000010110000000000001110001000000000
0000000011011000000101100010000000000000
0000000011010000000110000010001000000000
0000000011000000000101100011010000000000
0000000010111000000110000010001000000000
0000000010110000000101000010001000000000
0000000010101000000101010010001000000000
0000000010100000000101110010001000000000
0000000011001000000000001110001000000000
0000000011100000000000001111001000000000
0000000100001000000110110010000000000000
0000000100000000000111010010001000000000
0000000011110000000110110011010000000000
0000000011101000000111010010001000000000
0000000011001000000110010010001000000000
0000000011000000000110100010001000000000
0000000010111000000111000010001000000000
0000000011111000000000001110001000000000
0000000000100000000000001110001000000000
0000000100010000000000001111001000000000
0000000000001000000111100010000000000000
0000000100111000000000001110001000000000
0000000101100000001000010010000000000000
0000000101011000001000110010001000000000
0000000101001000001000010011010000000000
0000000101000000001000110010001000000000
0000000100111000000111110010001000000000
0000000100110000001000000010001000000000
0000000100101000001000100010001000000000
0000000101010000000000001110001000000000
0000000101101000000000001111001000000000
0000000110010000001001100010000000000000
0000000110001000001010000010001000000000
0000000101111000001001100011010000000000
0000000101110000001010000010001000000000
0000000101010000001001000010001000000000
0000000101001000001001010010001000000000
0000000101000000001001110010001000000000
0000000110000000000000001110001000000000
0000000100011000000000001110001000000000
0000000110011000000000001111001000000000
0000000000001101000010000010000000000000
0000000110110000000000001110001000000000
0000000111011000001010110010000000000000
0000000111010000001011010010001000000000
0000000111000000001010110011010000000000
0000000110111000001011010010001000000000
0000000110110000001010010010001000000000
0000000110101000001010100010001000000000
0000000110100000001011000010001000000000
0000000111001000000000001110001000000000
0000000111100000000000001111001000000000
0000001000001000001100000010000000000000
0000001000000000001100100010001000000000
0000000111110000001100000011010000000000
0000000111101000001100100010001000000000
0000000111001000001011100010001000000000
0000000111000000001011110010001000000000
0000000110111000001100010010001000000000
0000000111111000000000001110001000000000
0000000100100000000000001110001000000000
0000001000010000000000001111001000000000
0000000000010101000010000010000000000000
1111111111011000001100110000001000000000
0000001000011000000000001110001000000000
0000000000100000001101000010000000000000
0000000100100000001101000010001000000000
0000001000100000000000001110001000000000
0000000000100000001101010010000000000000
0000001000101000000000001110001000000000
0000000100100000001101100010000000000000
0000001000101000001101100010001000000000
0000001000110000000000001110001000000000
1111111110000000001111100000000000000000
0000001000100101000010000010000000000000
0000001001010000000000001110001000000000
1111111011110000000000000000000000000000
1111111100000000000000000000000000000000
1111111101000000001111000000000000000000
1111111101101000001111010000000000000000
1111111011010011010111000000000000000000
0000000000000000000000000000000000000000
0000001000111000000000001110001000000000
0000001000111000001111110010000000000000
0000001001110000000000001110001000000000
0000000000000000000000000000000000000000
0000001001110000010000010010000000000000
0000001010000000000000001110001000000000
0000001010000101000010000100000000000000
1111111111011000010001000000010000000000
0000001010000000010001000010000000000000
1111111111011000010001000000001000000000
0000001010000000010001000010000000000000
0000001010001000000000001110001000000000
0000001010001000010000100100010001000000
0000001010001000000000001110010000000000
0000001010000101000010000010000000000000
1111111111101101000010000010001001001000
0000000000000000000000000000000000000000
1111111111101000010000110100000000100101
0000001010000101000010000010000001000000
1111111111101101000010000010001001001000
0000000000000000000000000000000000000000
1111111111101000010000110100000001100101
0000001010001000000000001110010000000000
0000001010001000010000000010000000000000
0000001001111000000000001110001000000000
1111111111101000011010100010000000000000
0000001011100000000000001110001000000000
0000001011100101000010000010000000000000
0000001011100000000000001110001000000000
0000001011100000000000001100000000000000
0000001001111111111111110010000000000000
0000001011101000000000001110001000000000
0000001011101000000000001100000000000000
0000001011101111111111110010000000000000
0000001100001000000000001110001000000000
0000001100010000000000001111001000000000
0000001010110101000010000010000000000000
0000001010110000011001110010001001000000
0000001100010000011001110010001000000000
1111111111011000011011010000001000000000
0000001010100101000010000011010000000000
0000001010100000011001110010001001000000
0000001100001000011001111000001000000000
1111111111011000011011000000001000000000
0000001100001000011001110010001000000000
0000001010101000000000001110001000000000
0000001010111000000000001111001000000000
0000001100011000000000001111011000000000
0000001011010101000010000010000000001000
0000001011011000000000001110001000000000
0000001011000101000010000010000000000000
1111111111101000011010010010001001100111
0000001011001000000000001110001000000000
0000001100011101000010000010001001001000
0000001100011101000010000010000000000000
0000001011001000000000001110001000100111
1111111111101000011010000010000000000000
0000001011011000000000001110001000100111
0000001011011101000010000010000000001000
1111111111111101000010000010001001000000
0000001011011000000000001110001000100110
0000001011001101000110100010000000000000
0000001100100000000000001110001000000000
0000001100101000000000001111001000000000
0000001100100000000000001100000000000000
0000000000000000000000000000000000000000
0000000000000000000000000000000000000000
0000000000000000010001101010000100000000
1111111111100101000010000010000000000000
0000000000000000010001011010000100000000
1111111111100101000010000010001001000000
0000001011110000000000001110001000000000
0000001100101000000000001100000000000000
0000001011110111111111110010000000000000
1111111111100101000010000010001000000000
0000001100000000000000001110001000000000
0000001100000000000000001100000000000000
1111111111011000011011110000001000000000
0000001011100101000001110010000000000000
0000001011100000000000001110001000000000
0000001011100111111111110010000000000000
0000001100000000000000001110001000000000
0000001100000000000000001100000000000000
1111111111011000011011100000001000000000
0000001000110111111111110010000000000000
0000001010010000000000001110001000000000
0000001000110111111111110010000000000000
0000001010011000000000001110001000000000
0000001010010000011100100010000000000000
0000001010011000011100100010001000000000
0000001100110000000000001110001000000000
0000001100110000011100110010000000000000
0000001100111000000000001110001000000000
0000001000100000011101000010000000000000
0000001000100000011101000100000000000000
0000001100111000011101010010001000000000
0000001100110000011101010100010000000000
0000001101000000000000001110001000000000
0000001101001000000000001110010000000000
0000000000011000011101100010000000000000
0000000100011000011101100100000000000000
0000001101000000011101110010001000000000
0000001101001000011101110100010000000000
0000001101100000000000001110001000000000
0000001101111000000000001110010000000000
0000001110100000011110110010000000000000
0000001110011000011111000010001000000000
0000001110001000011110110011010000000000
0000001110000000011111000010001000000000
0000001101100000011110000010001000000000
0000001101011000011110010010001000000000
0000001101010000011110100010001000000000
0000001110010000000000001110001000000000
0000001110101000000000001111001000000000
0000001111010000011110110010000000000000
0000001111001000011111000010001000000000
0000001110111000011110110011010000000000
0000001110110000011111000010001000000000
0000001101111000011110000010001000000000
0000001101110000011110010010001000000000
0000001101101000011110100010001000000000
0000001111000000000000001110001000000000
0000001111011000000000001111001000000000
0000001110010000011111010010000000000000
0000001111110000000000001110001000000000
0000000000000000000000000000000000000000
0000001111000000011111100010000000000000
0000010000001000000000001110001000000000
0000000000000000000000000000000000000000
0000010000011000011111110010000000000000
0000010000010000100000000010001000000000
0000001111110000100000010010001000000000
0000001111101000100000100010001000000000
0000001111100000100000110010001000000000
0000010000100000000000001110001000000000
0000010000110000011111110010000000000000
0000010000101000100000000010001000000000
0000010000001000100000010010001000000000
0000010000000000100000100010001000000000
0000001111111000100000110010001000000000
0000010000111000000000001110001000000000
0000010001001000100001000010000000000000
0000010001000000100001010010001000000000
0000010000100000100001100010001000000000
0000010000011000100001110010001000000000
0000010000010000100010000010001000000000
0000010001010000000000001110001000000000
0000010001100000100001000010000000000000
0000010001011000100001010010001000000000
0000010000111000100001100010001000000000
0000010000110000100001110010001000000000
0000010000101000100010000010001000000000
0000010001101000000000001110001000000000
1111111111101000101011100010000000000000
0000010010110000000000001110001000000000
0000010010110101000010010010000000000000
0000010010110000000000001110001000000000
0000010010110000000000001100000000000000
0000010001010111111111110010000000000000
0000010010111000000000001110001000000000
0000010010111000000000001100000000000000
0000010010111111111111110010000000000000
0000010011011000000000001110001000000000
0000010011100000000000001111001000000000
0000010010000101000010000010000000000000
0000010010000000101010110010001001000000
0000010011100000101010110010001000000000
1111111111011000101100010000001000000000
0000010001110101000010000011010000000000
0000010001110000101010110010001001000000
0000010011011000101010111000001000000000
1111111111011000101100000000001000000000
0000010011011000101010110010001000000000
0000010001111000000000001110001000000000
0000010010001000000000001111001000000000
0000010011101000000000001111011000000000
0000010010100101000010000010000000001000
0000010010101000000000001110001000000000
0000010010010101000010000010000000000000
1111111111101000101011010010001001100111
0000010010011000000000001110001000000000
0000010011101101000010000010001001001000
0000010011101101000010000010000000000000
0000010010011000000000001110001000100111
1111111111101000101011000010000000000000
0000010010101000000000001110001000100111
0000010010101101000010000010000000001000
1111111111111101000010000010001001000000
0000010010101000000000001110001000100110
0000010010011101000110100010000000000000
0000010011110000000000001110001000000000
0000010011111000000000001111001000000000
0000010011110000000000001100000000000000
0000000000000000000000000000000000000000
0000000000000000000000000000000000000000
0000000000000000100010101010000100000000
1111111111100101000010000010000000000000
0000000000000000100010011010000100000000
1111111111100101000010000010001001000000
0000010011000000000000001110001000000000
0000010011111000000000001100000000000000
0000010011000111111111110010000000000000
1111111111100101000010000010001000000000
0000010011010000000000001110001000000000
0000010011010000000000001100000000000000
1111111111011000101100110000001000000000
0000010010110101000001110010000000000000
0000010010110000000000001110001000000000
0000010010110111111111110010000000000000
0000010011010000000000001110001000000000
1111111111101000101011100010000000000000
0000010101000000000000001110001000000000
0000010101000101000010010010000000000000
0000010101000000000000001110001000000000
0000010101000000000000001100000000000000
0000010001101111111111110010000000000000
0000010101001000000000001110001000000000
0000010101001000000000001100000000000000
0000010101001111111111110010000000000000
0000010101101000000000001110001000000000
0000010101110000000000001111001000000000
0000010100010101000010000010000000000000
0000010100010000101010110010001001000000
0000010101110000101010110010001000000000
1111111111011000101101010000001000000000
0000010100000101000010000011010000000000
0000010100000000101010110010001001000000
0000010101101000101010111000001000000000
1111111111011000101101000000001000000000
0000010101101000101010110010001000000000
0000010100001000000000001110001000000000
0000010100011000000000001111001000000000
0000010101111000000000001111011000000000
0000010100110101000010000010000000001000
0000010100111000000000001110001000000000
0000010100100101000010000010000000000000
1111111111101000101011010010001001100111
0000010100101000000000001110001000000000
0000010101111101000010000010001001001000
0000010101111101000010000010000000000000
0000010100101000000000001110001000100111
1111111111101000101011000010000000000000
0000010100111000000000001110001000100111
0000010100111101000010000010000000001000
1111111111111101000010000010001001000000
0000010100111000000000001110001000100110
0000010100101101000110100010000000000000
0000010110000000000000001110001000000000
0000010110001000000000001111001000000000
0000010110000000000000001100000000000000
0000000000000000000000000000000000000000
0000000000000000000000000000000000000000
0000000000000000100010101010000100000000
1111111111100101000010000010000000000000
0000000000000000100010011010000100000000
1111111111100101000010000010001001000000
0000010101010000000000001110001000000000
0000010110001000000000001100000000000000
0000010101010111111111110010000000000000
1111111111100101000010000010001000000000
0000010101100000000000001110001000000000
0000010101100000000000001100000000000000
1111111111011000101101110000001000000000
0000010101000101000001110010000000000000
0000010101000000000000001110001000000000
0000010101000111111111110010000000000000
0000010101100000000000001110001000000000
0000010011010101000010000100000000000000
0000010101100101000010000010010001001000
0000010101100101000010000010000000000000
0000010110010000000000001110001000010101
1111111111101000101011110100000000000000
1111111111101101000010000010000000001000
0000000000000000000000000000000000000000
0000010011010101000010000010000000000000
0000010110010101000010000010000000100011
0000010011010000000000001110001000000000
0000010011010000000000001100000000000000
0000010001010111111111110010000000000000
0000010110101000000000001110001000000000
1111111111101111111111110010000000000000
1111111111011000101100100000001000000000
0000010101100101000010000010000000000000
0000010110010101000010000010000000100011
0000010101100000000000001110001000000000
0000010101100000000000001100000000000000
0000010001101111111111110010000000000000
0000010111000000000000001110001000000000
1111111111101111111111110010000000000000
1111111111011000101101100000001000000000
0000010111010000101110000010000000000000
0000010111001000101110010010001000000000
0000010110101000101110100010001000000000
0000010110100000101110110010001000000000
0000010110011000101111000010001000000000
0000010111011000000000001110001000000000
0000010111101000101110000010000000000000
0000010111100000101110010010001000000000
0000010111000000101110100010001000000000
0000010110111000101110110010001000000000
0000010110110000101111000010001000000000
0000010111110000000000001110001000000000
0000011000000000101111010010000000000000
0000010111111000101111100010001000000000
0000010111011000101111110010001000000000
0000010111010000110000000010001000000000
0000010111001000110000010010001000000000
0000011000001000000000001110001000000000
0000011000011000101111010010000000000000
0000011000010000101111100010001000000000
0000010111110000101111110010001000000000
0000010111101000110000000010001000000000
0000010111100000110000010010001000000000
0000011000100000000000001110001000000000
1111111110000000111010000000000000000000
0000011000001101000010000010000000000000
0000011001001000000000001110001000000000
0000011000100101000010000010000000000000
0000011110110000000000001110001000000000
1111111011110000000000000000000000000000
1111111100000000000000000000000000000000
1111111101000000111001010000000000000000
1111111101101000111001110000000000000000
1111111011010011011010010000000000000000
0000000000000000000000000000000000000000
0000011000101000000000001110001000000000
1111111101000000111001100000000000000000
1111111101101000111001110000000000000000
1111111011010011011010010000000000000000
0000000000000000000000000000000000000000
0000011000110000000000001110001000000000
0000011000101000111010010010000000000000
0000100100101000000000001110001000000000
0000100101010000111011000010000000000000
0000100101001000111011100010001000000000
0000100100111000111011000011010000000000
0000100100110000111011100010001000000000
0000100100101000111010100010001000000000
0000100100100000111010110010001000000000
0000100100011000111011010010001000000000
0000100101000000000000001110001000000000
0000100101011000000000001111001000000000
0000100110000000111100010010000000000000
0000100101111000111100110010001000000000
0000100101101000111100010011010000000000
0000100101100000111100110010001000000000
0000100101000000111011110010001000000000
0000100100111000111100000010001000000000
0000100100110000111100100010001000000000
0000100101110000000000001110001000000000
0000100100001000000000001110001000000000
0000100110001000000000001111001000000000
0000011000101101000010000010000000000000
0000100110100000000000001110001000000000
0000100111001000111101100010000000000000
0000100111000000111110000010001000000000
0000100110110000111101100011010000000000
0000100110101000111110000010001000000000
0000100110100000111101000010001000000000
0000100110011000111101010010001000000000
0000100110010000111101110010001000000000
0000100110111000000000001110001000000000
0000100111010000000000001111001000000000
0000100111111000111110110010000000000000
0000100111110000111111010010001000000000
0000100111100000111110110011010000000000
0000100111011000111111010010001000000000
0000100110111000111110010010001000000000
0000100110110000111110100010001000000000
0000100110101000111111000010001000000000
0000100111101000000000001110001000000000
0000100100010000000000001110001000000000
0000101000000000000000001111001000000000
0000011000110000111111100010000000000000
0000101000101000000000001110001000000000
0000101001010001000000010010000000000000
0000101001001001000000110010001000000000
0000101000111001000000010011010000000000
0000101000110001000000110010001000000000
0000101000101000111111110010001000000000
0000101000100001000000000010001000000000
0000101000011001000000100010001000000000
0000101001000000000000001110001000000000
0000101001011000000000001111001000000000
0000101010000001000001100010000000000000
0000101001111001000010000010001000000000
0000101001101001000001100011010000000000
0000101001100001000010000010001000000000
0000101001000001000001000010001000000000
0000101000111001000001010010001000000000
0000101000110001000001110010001000000000
0000101001110000000000001110001000000000
0000101000001000000000001110001000000000
0000101010001000000000001111001000000000
0000011000110101000010000010000000000000
0000101010100000000000001110001000000000
0000101011001001000010110010000000000000
0000101011000001000011010010001000000000
0000101010110001000010110011010000000000
0000101010101001000011010010001000000000
0000101010100001000010010010001000000000
0000101010011001000010100010001000000000
0000101010010001000011000010001000000000
0000101010111000000000001110001000000000
0000101011010000000000001111001000000000
0000101011111001000100000010000000000000
0000101011110001000100100010001000000000
0000101011100001000100000011010000000000
0000101011011001000100100010001000000000
0000101010111001000011100010001000000000
0000101010110001000011110010001000000000
0000101010101001000100010010001000000000
0000101011101000000000001110001000000000
0000101000010000000000001110001000000000
0000101100000000000000001111001000000000
1111111111101001001111100100000000000000
0000100100010101000010010010000000000000
0000101000010101000010010010001000000000
0000101101011000000000001110001000000000
0000101101011101000011000010000000000000
0000101110101000000000001110001000000000
0000101110101000000000001100000000000000
0000101110101111111111110010000000000000
0000101110110000000000001110001000000000
0000101101011000000000001100000000000000
0000101101011111111111110010000000000000
0000101101111000000000001110001000000000
0000101110000000000000001111001000000000
0000101110111101000010000010000000000000
0000101110111001001110110010001001000000
0000101110110001001110110010001000001000
0000101111000000000000001110001000000000
0000101100101101000010000010000000000000
0000101100101001001110110010001001000000
0000101110000001001110110010001000000000
0000101100011101000010000011010000000000
0000101100011001001110110010001001000000
0000101101111001001110110010001000000000
0000101100100000000000001110001000000000
1111111111110101000010000100001000000000
0000101100110000000000001111001000000000
0000101111000101000010000010000000000000
1111111111110101000010001000001000000000
1111111111110101000010001000010000100011
1111111111101101000010100010000000000000
0000000000000000000000000000000000000000
0000101110100000000000001111011000000000
0000101110100101000010000010001000000000
0000101110001000000000001110001000000000
0000101110001000000000001111011000100011
0000101101001101000010000010000000001000
0000101101010000000000001110001000000000
0000101100111101000010000010000000000000
1111111111101001001111010010001001100111
0000101101000000000000001110001000000000
0000101110001101000010000010001001001000
0000101110001101000010000010000000000000
0000101101000000000000001110001000100111
1111111111101001001111000010000000000000
0000101101010000000000001110001000100111
0000101101010101000010000010000000001000
1111111111111101000010000010001001000000
0000101101010000000000001110001000100110
0000101101000101000110100010000000000000
0000101110010000000000001110001000000000
0000101110011000000000001111001000000000
0000101110010000000000001100000000000000
0000000000000000000000000000000000000000
0000000000000000000000000000000000000000
0000000000000001000101001010000100000000
1111111111100101000010000010000000000000
0000000000000001000100111010000100000000
1111111111100101000010000010001001000000
0000101101100000000000001110001000000000
0000101110011000000000001100000000000000
0000101101100111111111110010000000000000
1111111111100101000010000010001000000000
0000101101110000000000001110001000000000
0000101101110000000000001100000000000000
0000100100010111111111110010000000000000
0000101100001000000000001110001000000000
0000101000010111111111110010000000000000
0000101100010000000000001110001000000000
1111111111101001001111110010000000000000
0000101111101101000010000010001001000000
0000110000001000000000001110001000000000
0000101111111101000010000010000000000000
0000101111101101000010000011010000000000
0000110000001001010000000010001000000000
0000101111110000000000001110001000000000
0000101111110000000000001100000000000000
0000110000000000000000001111001000000000
0000100100001111111111110010000000000000
0000101111001000000000001110001000000000
0000101000001111111111110010000000000000
0000101111010000000000001110001000000000
0000101100001111111111110010000000000000
0000101111011000000000001110001000000000
0000101100010111111111110010000000000000
0000101111100000000000001110001000000000
1111111111101001011011000100000000000000
0000101111001101000010010010000000000000
0000101111010101000010010010001000000000
0000110001100000000000001110001000000000
0000110001100101000011000010000000000000
0000110010110000000000001110001000000000
0000110010110000000000001100000000000000
0000110010110111111111110010000000000000
0000110010111000000000001110001000000000
0000110001100000000000001100000000000000
0000110001100111111111110010000000000000
0000110010000000000000001110001000000000
0000110010001000000000001111001000000000
0000110011000101000010000010000000000000
0000110011000001011010010010001001000000
0000110010111001011010010010001000001000
0000110011001000000000001110001000000000
0000110000110101000010000010000000000000
0000110000110001011010010010001001000000
0000110010001001011010010010001000000000
0000110000100101000010000011010000000000
0000110000100001011010010010001001000000
0000110010000001011010010010001000000000
0000110000101000000000001110001000000000
1111111111110101000010000100001000000000
0000110000111000000000001111001000000000
0000110011001101000010000010000000000000
1111111111110101000010001000001000000000
1111111111110101000010001000010000100011
1111111111101101000010100010000000000000
0000000000000000000000000000000000000000
0000110010101000000000001111011000000000
0000110010101101000010000010001000000000
0000110010010000000000001110001000000000
0000110010010000000000001111011000100011
0000110001010101000010000010000000001000
0000110001011000000000001110001000000000
0000110001000101000010000010000000000000
1111111111101001011010110010001001100111
0000110001001000000000001110001000000000
0000110010010101000010000010001001001000
0000110010010101000010000010000000000000
0000110001001000000000001110001000100111
1111111111101001011010100010000000000000
0000110001011000000000001110001000100111
0000110001011101000010000010000000001000
1111111111111101000010000010001001000000
0000110001011000000000001110001000100110
0000110001001101000110100010000000000000
0000110010011000000000001110001000000000
0000110010100000000000001111001000000000
0000110010011000000000001100000000000000
0000000000000000000000000000000000000000
0000000000000000000000000000000000000000
0000000000000001010000101010000100000000
1111111111100101000010000010000000000000
0000000000000001010000011010000100000000
1111111111100101000010000010001001000000
0000110001101000000000001110001000000000
0000110010100000000000001100000000000000
0000110001101111111111110010000000000000
1111111111100101000010000010001000000000
0000110001111000000000001110001000000000
0000110001111000000000001100000000000000
0000101111001111111111110010000000000000
0000110000010000000000001110001000000000
0000101111010111111111110010000000000000
0000110000011000000000001110001000000000
0000101111100001011011010010000000000000
0000110000011001011011010010001000000000
0000110011010000000000001110001000000000
0000101111011001011011100010000000000000
0000110000010001011011100010001000000000
0000110011011000000000001110001000000000
1111111111101001100110100100000000000000
0000110011011000000000001100000000000000
0000110011011111111111110010000000000000
0000110101000000000000001110001000000000
0000110101001000000000001111001000000000
0000110011011101000011000010000000000000
0000110101101000000000001110001000000000
0000110101101000000000001100000000000000
0000110101101111111111110010000000000000
0000110101101000000000001110001000000000
0000110101110101000010000010000000000000
0000110101110001100101110010001001000000
0000110101101001100101110010001000001000
0000110101111000000000001110001000000000
0000110011111101000010000010000000000000
0000110011111001100101110010001001000000
0000110101001001100101110010001000000000
0000110011101101000010000011010000000000
0000110011101001100101110010001001000000
0000110101000001100101110010001000000000
0000110011110000000000001110001000000000
1111111111110101000010000100001000000000
0000110100000000000000001111001000000000
0000110101111101000010000010000000000000
1111111111110101000010001000001000000000
1111111111110101000010001000010000100011
1111111111101101000010100010000000000000
0000000000000000000000000000000000000000
0000110110000000000000001111011000000000
0000110110000101000010000010001000000000
0000110101010000000000001110001000000000
0000110101010000000000001111011000100011
0000110100011101000010000010000000001000
0000110100100000000000001110001000000000
0000110100001101000010000010000000000000
1111111111101001100110010010001001100111
0000110100010000000000001110001000000000
0000110101010101000010000010001001001000
0000110101010101000010000010000000000000
0000110100010000000000001110001000100111
1111111111101001100110000010000000000000
0000110100100000000000001110001000100111
0000110100100101000010000010000000001000
1111111111111101000010000010001001000000
0000110100100000000000001110001000100110
0000110100010101000110100010000000000000
0000110101011000000000001110001000000000
0000110101100000000000001111001000000000
0000110101011000000000001100000000000000
0000000000000000000000000000000000000000
0000000000000000000000000000000000000000
0000000000000001011100001010000100000000
1111111111100101000010000010000000000000
0000000000000001011011111010000100000000
1111111111100101000010000010001001000000
0000110100101000000000001110001000000000
0000110101100000000000001100000000000000
0000110100101111111111110010000000000000
1111111111100101000010000010001000000000
0000110100111000000000001110001000000000
0000110100111000000000001100000000000000
0000110011011111111111110010000000000000
0000110011100000000000001110001000000000
1111111111101001110001100100000000000000
0000110011010000000000001100000000000000
0000110011010111111111110010000000000000
0000110111101000000000001110001000000000
0000110111110000000000001111001000000000
0000110011010101000011000010000000000000
0000111000010000000000001110001000000000
0000111000010000000000001100000000000000
0000111000010111111111110010000000000000
0000111000010000000000001110001000000000
0000111000011101000010000010000000000000
0000111000011001110000110010001001000000
0000111000010001110000110010001000001000
0000111000100000000000001110001000000000
0000110110100101000010000010000000000000
0000110110100001110000110010001001000000
0000110111110001110000110010001000000000
0000110110010101000010000011010000000000
0000110110010001110000110010001001000000
0000110111101001110000110010001000000000
0000110110011000000000001110001000000000
1111111111110101000010000100001000000000
0000110110101000000000001111001000000000
0000111000100101000010000010000000000000
1111111111110101000010001000001000000000
1111111111110101000010001000010000100011
1111111111101101000010100010000000000000
0000000000000000000000000000000000000000
0000111000101000000000001111011000000000
0000111000101101000010000010001000000000
0000110111111000000000001110001000000000
0000110111111000000000001111011000100011
0000110111000101000010000010000000001000
0000110111001000000000001110001000000000
0000110110110101000010000010000000000000
1111111111101001110001010010001001100111
0000110110111000000000001110001000000000
0000110111111101000010000010001001001000
0000110111111101000010000010000000000000
0000110110111000000000001110001000100111
1111111111101001110001000010000000000000
0000110111001000000000001110001000100111
0000110111001101000010000010000000001000
1111111111111101000010000010001001000000
0000110111001000000000001110001000100110
0000110110111101000110100010000000000000
0000111000000000000000001110001000000000
0000111000001000000000001111001000000000
0000111000000000000000001100000000000000
0000000000000000000000000000000000000000
0000000000000000000000000000000000000000
0000000000000001100111001010000100000000
1111111111100101000010000010000000000000
0000000000000001100110111010000100000000
1111111111100101000010000010001001000000
0000110111010000000000001110001000000000
0000111000001000000000001100000000000000
0000110111010111111111110010000000000000
1111111111100101000010000010001000000000
0000110111100000000000001110001000000000
0000110111100000000000001100000000000000
0000110011010111111111110010000000000000
0000110110001000000000001110001000000000
0000110011100001110001110010000000000000
0000111000110000000000001110001000000000
0000000000000000000000000000000000000000
0000110110001001110010000010000000000000
0000111000111000000000001110001000000000
0000000000000000000000000000000000000000
0000111000110101000010000010000000000000
1111110110110000000000001110001000000000
0000111000111101000010000010000000000000
1111110110111000000000001110001000000000
0000000000000000000000000000000000000000
1111111000110000000000000000000000000000
0000000000000000000000000000000000000000
1111111011000000000011110000000000000000
0000000000000000000000000000000000000000
1111111001011000000000000000000000000000
0000000000000111110010110000000000000000
1111111011101011011001000000000000000000
1111111000100111110001100010000000000000
1111111000100111110001100010001000000000
1111111000100111110001100010001000000000
1111111000100111110001100010001000000000
1111111001010111110001100010001000000000
1111111000111000000000001110001000000000
1111111011111000000000000000000000000000
1111111100001000000000000000000000000000
1111111011011000000000000000000000000000
0000000000000000000000000000000000000000
1111111001011000000000000000000000000000
0000000000000111110010110000000000000000
1111111011101011011101000000000000000000
1111111000110111110001100010000000000000
1111111000001111110000010010001000000000
1111111000110111110001100011010000000000
1111111000110111110001100010001000000000
1111111001001111110001100010001000000000
1111111000110111110001100010001000000000
1111111000011111110010010010001000000000
1111111001000000000000001111001000000000
1111111000110000000000001110001000000000
1111111011111000000000000000000000000000
1111111100001000000000000000000000000000
1111111011011000000000000000000000000000
0000000000000000000000000000000000000000
