0000000000000000000000000000000000000000
1111111011100000000000000000000000000000
1111111100110100000000000000000000000000
1111111100101100000000000000000000000000
1111111101010100000000000000000000000000
1111111101011100000000000000000000000000
1111111111110101000010000010000000000000
1111111100111000000000000000000000000000
1111111110000000000000000000000000000000
0000000000000000000000000000000000000000
0000000000000000000000000000000000000000
1111111011101000000011000000000000000000
1111111000110000000000001110001000000000
0000000000000000000000000000000000000000
0000000000000000000000000000000000000000
0000000000000000000000000000000000000000
0000000000000000000000000000000000000000
0000000000000000000000000000000000000000
0000000000000000000000000000000000000000
1111111111101000000001110010000000001000
0000000000000000000001101010000000000000
1111111111100000000000001100000000000000
1111111110000000000001110000000000000000
0000000000000000000000000000000000000000
1111111100000000000000000000000000000000
1111111011000000001000100000000000100111
0000000000000000000000000000000000000000
1111111011101000000111100000000000000000
1111111111101000000000010010000000000000
1111111111011000000000010000001100000000
0000000000000111110001100000000000000000
1111111100001000000000000000000000000000
1111111111110100000000000010000000000000
1111111111011000000001110000001000000000
1111110110100101000010000010000000000000
0000000000000000000000001110001000000000
1111110110101101000010000010000000000000
0000000000001000000000001110001000000000
0000000000000000000010000010000000000000
0000000000110000000000001110001000000000
0000000001011000000010110010000000000000
0000000001010000000011010010001000000000
0000000001000000000010110011010000000000
0000000000111000000011010010001000000000
0000000000110000000010010010001000000000
0000000000101000000010100010001000000000
0000000000100000000011000010001000000000
0000000001001000000000001110001000000000
0000000001100000000000001111001000000000
0000000010001000000100000010000000000000
0000000010000000000100100010001000000000
0000000001110000000100000011010000000000
0000000001101000000100100010001000000000
0000000001001000000011100010001000000000
0000000001000000000011110010001000000000
0000000000111000000100010010001000000000
0000000001111000000000001110001000000000
0000000000010000000000001110001000000000
0000000010010000000000001111001000000000
0000000000000101000010000010000000000000
0000000010101000000000001110001000000000
0000000011010000000101010010000000000000
0000000011001000000101110010001000000000
0000000010111000000101010011010000000000
0000000010110000000101110010001000000000
0000000010101000000100110010001000000000
0000000010100000000101000010001000000000
0000000010011000000101100010001000000000
0000000011000000000000001110001000000000
0000000011011000000000001111001000000000
0000000100000000000110100010000000000000
0000000011111000000111000010001000000000
0000000011101000000110100011010000000000
0000000011100000000111000010001000000000
0000000011000000000110000010001000000000
0000000010111000000110010010001000000000
0000000010110000000110110010001000000000
0000000011110000000000001110001000000000
0000000000011000000000001110001000000000
0000000100001000000000001111001000000000
0000000000001000000111010010000000000000
0000000100110000000000001110001000000000
0000000101011000001000000010000000000000
0000000101010000001000100010001000000000
0000000101000000001000000011010000000000
0000000100111000001000100010001000000000
0000000100110000000111100010001000000000
0000000100101000000111110010001000000000
0000000100100000001000010010001000000000
0000000101001000000000001110001000000000
0000000101100000000000001111001000000000
0000000110001000001001010010000000000000
0000000110000000001001110010001000000000
0000000101110000001001010011010000000000
0000000101101000001001110010001000000000
0000000101001000001000110010001000000000
0000000101000000001001000010001000000000
0000000100111000001001100010001000000000
0000000101111000000000001110001000000000
0000000100010000000000001110001000000000
0000000110010000000000001111001000000000
0000000000001101000010000010000000000000
0000000110101000000000001110001000000000
0000000111010000001010100010000000000000
0000000111001000001011000010001000000000
0000000110111000001010100011010000000000
0000000110110000001011000010001000000000
0000000110101000001010000010001000000000
0000000110100000001010010010001000000000
0000000110011000001010110010001000000000
0000000111000000000000001110001000000000
0000000111011000000000001111001000000000
0000001000000000001011110010000000000000
0000000111111000001100010010001000000000
0000000111101000001011110011010000000000
0000000111100000001100010010001000000000
0000000111000000001011010010001000000000
0000000110111000001011100010001000000000
0000000110110000001100000010001000000000
0000000111110000000000001110001000000000
0000000100011000000000001110001000000000
0000001000001000000000001111001000000000
0000000000000000001100100010000000000000
0000001000010000000000001110001000000000
0000000000000000000000000000000000000000
0000000000001000001100110010000000000000
0000001000011000000000001110001000000000
0000000000000000000000000000000000000000
0000000000011000001101000010000000000000
0000000100011000001101000010001000000000
0000001000100000000000001110001000000000
0000000000011000001101010010000000000000
0000001000101000000000001110001000000000
0000000100011000001101100010000000000000
0000001000101000001101100010001000000000
0000001000110000000000001110001000000000
1111111110000000001111100000000000000000
0000001000100101000010000010000000000000
0000001001010000000000001110001000000000
1111111011110000000000000000000000000000
1111111100000000000000000000000000000000
1111111101000000001111000000000000000000
1111111101101000001111010000000000000000
1111111011010011010011110000000000000000
0000000000000000000000000000000000000000
0000001000111000000000001110001000000000
0000001000111000001111110010000000000000
0000001001110000000000001110001000000000
0000000000000000000000000000000000000000
0000001001110000010000010010000000000000
0000001010000000000000001110001000000000
0000001010000101000010000100000000000000
1111111111011000010001000000010000000000
0000001010000000010001000010000000000000
1111111111011000010001000000001000000000
0000001010000000010001000010000000000000
0000001010001000000000001110001000000000
0000001010001000010000100100010001000000
0000001010001000000000001110010000000000
0000001010000101000010000010000000000000
1111111111101101000010000010001001001000
0000000000000000000000000000000000000000
1111111111101000010000110100000000100101
0000001010000101000010000010000001000000
1111111111101101000010000010001001001000
0000000000000000000000000000000000000000
1111111111101000010000110100000001100101
0000001010001000000000001110010000000000
0000001010001000010000000010000000000000
0000001001111000000000001110001000000000
1111111111101000011010100010000000000000
0000001011100000000000001110001000000000
0000001011100000000000001100000000000000
0000001001111111111111110010000000000000
0000001011101000000000001110001000000000
0000001011101000000000001100000000000000
0000001011101111111111110010000000000000
0000001100001000000000001110001000000000
0000001100010000000000001111001000000000
0000001010110101000010000010000000000000
0000001010110000011001110010001001000000
0000001100010000011001110010001000000000
1111111111011000011011010000001000000000
0000001010100101000010000011010000000000
0000001010100000011001110010001001000000
0000001100001000011001111000001000000000
1111111111011000011011000000001000000000
0000001100001000011001110010001000000000
0000001010101000000000001110001000000000
0000001010111000000000001111001000000000
0000001100011000000000001111011000000000
0000001011010101000010000010000000001000
0000001011011000000000001110001000000000
0000001011000101000010000010000000000000
1111111111101000011010010010001001100111
0000001011001000000000001110001000000000
0000001100011101000010000010001001001000
0000001100011101000010000010000000000000
0000001011001000000000001110001000100111
1111111111101000011010000010000000000000
0000001011011000000000001110001000100111
0000001011011101000010000010000000001000
1111111111111101000010000010001001000000
0000001011011000000000001110001000100110
0000001011001101000110100010000000000000
0000001100100000000000001110001000000000
0000001100101000000000001111001000000000
0000001100100000000000001100000000000000
0000000000000000000000000000000000000000
0000000000000000000000000000000000000000
0000000000000000010001101010000100000000
1111111111100101000010000010000000000000
0000000000000000010001011010000100000000
1111111111100101000010000010001001000000
0000001011110000000000001110001000000000
0000001100101000000000001100000000000000
0000001011110111111111110010000000000000
1111111111100101000010000010001000000000
0000001100000000000000001110001000000000
0000001100000000000000001100000000000000
1111111111011000011011110000001000000000
0000001011100111111111110010000000000000
0000001100000000000000001110001000000000
0000001100000000000000001100000000000000
1111111111011000011011100000001000000000
0000001000110111111111110010000000000000
0000001010010000000000001110001000000000
0000001000110111111111110010000000000000
0000001010011000000000001110001000000000
0000001010010000011100100010000000000000
0000001010011000011100100010001000000000
0000001100110000000000001110001000000000
0000001100110000011100110010000000000000
0000001100111000000000001110001000000000
0000001000100000011101000010000000000000
0000001000100000011101000100000000000000
0000001100111000011101010010001000000000
0000001100110000011101010100010000000000
0000001101000000000000001110001000000000
0000001101001000000000001110010000000000
0000000000010000011101100010000000000000
0000000100010000011101100100000000000000
0000001101000000011101110010001000000000
0000001101001000011101110100010000000000
0000001101010000000000001110001000000000
0000001101011000000000001110010000000000
0000001101010000011110000010000000000000
0000000000000000011110010010001000000000
0000001101110000000000001110001000000000
0000001101011000011110000010000000000000
0000000000001000011110010010001000000000
0000001110001000000000001110001000000000
0000001110110000011111010010000000000000
0000001110101000011111100010001000000000
0000001110011000011111010011010000000000
0000001110010000011111100010001000000000
0000001101110000011110100010001000000000
0000001101101000011110110010001000000000
0000001101100000011111000010001000000000
0000001110100000000000001110001000000000
0000001110111000000000001111001000000000
0000001111100000011111010010000000000000
0000001111011000011111100010001000000000
0000001111001000011111010011010000000000
0000001111000000011111100010001000000000
0000001110001000011110100010001000000000
0000001110000000011110110010001000000000
0000001101111000011111000010001000000000
0000001111010000000000001110001000000000
0000001111101000000000001111001000000000
0000001110100000011111110010000000000000
0000010000000000000000001110001000000000
0000000000000000000000000000000000000000
0000001111010000100000000010000000000000
0000010000011000000000001110001000000000
0000000000000000000000000000000000000000
0000010000101000100000010010000000000000
0000010000100000100000100010001000000000
0000010000000000100000110010001000000000
0000001111111000100001000010001000000000
0000001111110000100001010010001000000000
0000010000110000000000001110001000000000
0000010001000000100000010010000000000000
0000010000111000100000100010001000000000
0000010000011000100000110010001000000000
0000010000010000100001000010001000000000
0000010000001000100001010010001000000000
0000010001001000000000001110001000000000
0000010001011000100001100010000000000000
0000010001010000100001110010001000000000
0000010000110000100010000010001000000000
0000010000101000100010010010001000000000
0000010000100000100010100010001000000000
0000010001100000000000001110001000000000
0000010001110000100001100010000000000000
0000010001101000100001110010001000000000
0000010001001000100010000010001000000000
0000010001000000100010010010001000000000
0000010000111000100010100010001000000000
0000010001111000000000001110001000000000
1111111111101000101100000010000000000000
0000010011000000000000001110001000000000
0000010011000101000010010010000000000000
0000010011000000000000001110001000000000
0000010011000000000000001100000000000000
0000010001100111111111110010000000000000
0000010011001000000000001110001000000000
0000010011001000000000001100000000000000
0000010011001111111111110010000000000000
0000010011101000000000001110001000000000
0000010011110000000000001111001000000000
0000010010010101000010000010000000000000
0000010010010000101011010010001001000000
0000010011110000101011010010001000000000
1111111111011000101100110000001000000000
0000010010000101000010000011010000000000
0000010010000000101011010010001001000000
0000010011101000101011011000001000000000
1111111111011000101100100000001000000000
0000010011101000101011010010001000000000
0000010010001000000000001110001000000000
0000010010011000000000001111001000000000
0000010011111000000000001111011000000000
0000010010110101000010000010000000001000
0000010010111000000000001110001000000000
0000010010100101000010000010000000000000
1111111111101000101011110010001001100111
0000010010101000000000001110001000000000
0000010011111101000010000010001001001000
0000010011111101000010000010000000000000
0000010010101000000000001110001000100111
1111111111101000101011100010000000000000
0000010010111000000000001110001000100111
0000010010111101000010000010000000001000
1111111111111101000010000010001001000000
0000010010111000000000001110001000100110
0000010010101101000110100010000000000000
0000010100000000000000001110001000000000
0000010100001000000000001111001000000000
0000010100000000000000001100000000000000
0000000000000000000000000000000000000000
0000000000000000000000000000000000000000
0000000000000000100011001010000100000000
1111111111100101000010000010000000000000
0000000000000000100010111010000100000000
1111111111100101000010000010001001000000
0000010011010000000000001110001000000000
0000010100001000000000001100000000000000
0000010011010111111111110010000000000000
1111111111100101000010000010001000000000
0000010011100000000000001110001000000000
0000010011100000000000001100000000000000
1111111111011000101101010000001000000000
0000010011000101000001110010000000000000
0000010011000000000000001110001000000000
0000010011000111111111110010000000000000
0000010011100000000000001110001000000000
1111111111101000101100000010000000000000
0000010101010000000000001110001000000000
0000010101010101000010010010000000000000
0000010101010000000000001110001000000000
0000010101010000000000001100000000000000
0000010001111111111111110010000000000000
0000010101011000000000001110001000000000
0000010101011000000000001100000000000000
0000010101011111111111110010000000000000
0000010101111000000000001110001000000000
0000010110000000000000001111001000000000
0000010100100101000010000010000000000000
0000010100100000101011010010001001000000
0000010110000000101011010010001000000000
1111111111011000101101110000001000000000
0000010100010101000010000011010000000000
0000010100010000101011010010001001000000
0000010101111000101011011000001000000000
1111111111011000101101100000001000000000
0000010101111000101011010010001000000000
0000010100011000000000001110001000000000
0000010100101000000000001111001000000000
0000010110001000000000001111011000000000
0000010101000101000010000010000000001000
0000010101001000000000001110001000000000
0000010100110101000010000010000000000000
1111111111101000101011110010001001100111
0000010100111000000000001110001000000000
0000010110001101000010000010001001001000
0000010110001101000010000010000000000000
0000010100111000000000001110001000100111
1111111111101000101011100010000000000000
0000010101001000000000001110001000100111
0000010101001101000010000010000000001000
1111111111111101000010000010001001000000
0000010101001000000000001110001000100110
0000010100111101000110100010000000000000
0000010110010000000000001110001000000000
0000010110011000000000001111001000000000
0000010110010000000000001100000000000000
0000000000000000000000000000000000000000
0000000000000000000000000000000000000000
0000000000000000100011001010000100000000
1111111111100101000010000010000000000000
0000000000000000100010111010000100000000
1111111111100101000010000010001001000000
0000010101100000000000001110001000000000
0000010110011000000000001100000000000000
0000010101100111111111110010000000000000
1111111111100101000010000010001000000000
0000010101110000000000001110001000000000
0000010101110000000000001100000000000000
1111111111011000101110010000001000000000
0000010101010101000001110010000000000000
0000010101010000000000001110001000000000
0000010101010111111111110010000000000000
0000010101110000000000001110001000000000
0000010011100101000010000100000000000000
0000010101110101000010000010010001001000
0000010101110101000010000010000000000000
0000010110100000000000001110001000010101
1111111111101000101100010100000000000000
1111111111101101000010000010000000001000
0000000000000000000000000000000000000000
0000010011100101000010000010000000000000
0000010110100101000010000010000000100011
0000010011100000000000001110001000000000
0000010011100000000000001100000000000000
0000010001100111111111110010000000000000
0000010110111000000000001110001000000000
1111111111101111111111110010000000000000
1111111111011000101101000000001000000000
0000010101110101000010000010000000000000
0000010110100101000010000010000000100011
0000010101110000000000001110001000000000
0000010101110000000000001100000000000000
0000010001111111111111110010000000000000
0000010111010000000000001110001000000000
1111111111101111111111110010000000000000
1111111111011000101110000000001000000000
0000010111100000101110100010000000000000
0000010111011000101110110010001000000000
0000010110111000101111000010001000000000
0000010110110000101111010010001000000000
0000010110101000101111100010001000000000
0000010111101000000000001110001000000000
0000010111111000101110100010000000000000
0000010111110000101110110010001000000000
0000010111010000101111000010001000000000
0000010111001000101111010010001000000000
0000010111000000101111100010001000000000
0000011000000000000000001110001000000000
0000011000010000101111110010000000000000
0000011000001000110000000010001000000000
0000010111101000110000010010001000000000
0000010111100000110000100010001000000000
0000010111011000110000110010001000000000
0000011000011000000000001110001000000000
0000011000101000101111110010000000000000
0000011000100000110000000010001000000000
0000011000000000110000010010001000000000
0000010111111000110000100010001000000000
0000010111110000110000110010001000000000
0000011000110000000000001110001000000000
0000011000011000110001000010000000000000
0000011000111000000000001110001000000000
0000000000000000000000000000000000000000
0000011000110000110001010010000000000000
0000011001000000000000001110001000000000
0000000000000000000000000000000000000000
1111111110000000111100010000000000000000
0000011000111101000010000010000000000000
0000011001101000000000001110001000000000
0000011001000101000010000010000000000000
0000100000000000000000001110001000000000
1111111011110000000000000000000000000000
1111111100000000000000000000000000000000
1111111101000000111011100000000000000000
1111111101101000111100000000000000000000
1111111011010011010111000000000000000000
0000000000000000000000000000000000000000
0000011001001000000000001110001000000000
1111111101000000111011110000000000000000
1111111101101000111100000000000000000000
1111111011010011010111000000000000000000
0000000000000000000000000000000000000000
0000011001010000000000001110001000000000
0000011001001000111100100010000000000000
0000100110110000000000001110001000000000
0000100111000000111101100010000000000000
0000100110111000111110000010001000000000
0000100110110000111101000010001000000000
0000100110101000111101010010001000000000
0000100110100000111101110010001000000000
0000100111001000000000001110001000000000
0000100111011000111110110010000000000000
0000100111010000111111010010001000000000
0000100111001000111110010010001000000000
0000100111000000111110100010001000000000
0000100110111000111111000010001000000000
0000100111100000000000001110001000000000
0000100110001000000000001110001000000000
0000011001001101000010000010000000000000
0000100111111000000000001110001000000000
0000101000001001000000000010000000000000
0000101000000001000000100010001000000000
0000100111111000111111100010001000000000
0000100111110000111111110010001000000000
0000100111101001000000010010001000000000
0000101000010000000000001110001000000000
0000101000100001000001010010000000000000
0000101000011001000001110010001000000000
0000101000010001000000110010001000000000
0000101000001001000001000010001000000000
0000101000000001000001100010001000000000
0000101000101000000000001110001000000000
0000101000111001000010100010000000000000
0000101000110001000011000010001000000000
0000101000101001000010000010001000000000
0000101000100001000010010010001000000000
0000101000011001000010110010001000000000
0000101001000000000000001110001000000000
0000101001010001000011110010000000000000
0000101001001001000100010010001000000000
0000101001000001000011010010001000000000
0000101000111001000011100010001000000000
0000101000110001000100000010001000000000
0000101001011000000000001110001000000000
0000100110010000000000001110001000000000
0000011001001000111100110010000000000000
0000101001110000000000001110001000000000
0000101010000001000101000010000000000000
0000101001111001000101100010001000000000
0000101001110001000100100010001000000000
0000101001101001000100110010001000000000
0000101001100001000101010010001000000000
0000101010001000000000001110001000000000
0000101010011001000110010010000000000000
0000101010010001000110110010001000000000
0000101010001001000101110010001000000000
0000101010000001000110000010001000000000
0000101001111001000110100010001000000000
0000101010100000000000001110001000000000
0000100110011000000000001110001000000000
0000011001010001000111000010000000000000
0000101011010000000000001110001000000000
0000101011100001001000000010000000000000
0000101011011001001000100010001000000000
0000101011010001000111100010001000000000
0000101011001001000111110010001000000000
0000101011000001001000010010001000000000
0000101011101000000000001110001000000000
0000101011111001001001010010000000000000
0000101011110001001001110010001000000000
0000101011101001001000110010001000000000
0000101011100001001001000010001000000000
0000101011011001001001100010001000000000
0000101100000000000000001110001000000000
0000101010101000000000001110001000000000
0000011001010101000010000010000000000000
0000101100011000000000001110001000000000
0000101100101001001010100010000000000000
0000101100100001001011000010001000000000
0000101100011001001010000010001000000000
0000101100010001001010010010001000000000
0000101100001001001010110010001000000000
0000101100110000000000001110001000000000
0000101101000001001011110010000000000000
0000101100111001001100010010001000000000
0000101100110001001011010010001000000000
0000101100101001001011100010001000000000
0000101100100001001100000010001000000000
0000101101001000000000001110001000000000
0000101101011001001101000010000000000000
0000101101010001001101100010001000000000
0000101101001001001100100010001000000000
0000101101000001001100110010001000000000
0000101100111001001101010010001000000000
0000101101100000000000001110001000000000
0000101101110001001110010010000000000000
0000101101101001001110110010001000000000
0000101101100001001101110010001000000000
0000101101011001001110000010001000000000
0000101101010001001110100010001000000000
0000101101111000000000001110001000000000
0000101010110000000000001110001000000000
0000011001010001000111010010000000000000
0000101110010000000000001110001000000000
0000101110100001001111100010000000000000
0000101110011001010000000010001000000000
0000101110010001001111000010001000000000
0000101110001001001111010010001000000000
0000101110000001001111110010001000000000
0000101110101000000000001110001000000000
0000101110111001010000110010000000000000
0000101110110001010001010010001000000000
0000101110101001010000010010001000000000
0000101110100001010000100010001000000000
0000101110011001010001000010001000000000
0000101111000000000000001110001000000000
0000101010111000000000001110001000000000
1111111111101001011010110010000000000000
0000110000011000000000001110001000000000
0000110000011101000010010010000000000000
0000110000011000000000001110001000000000
0000110000011000000000001100000000000000
0000100110001111111111110010000000000000
0000110000100000000000001110001000000000
0000110000100000000000001100000000000000
0000110000100111111111110010000000000000
0000110001000000000000001110001000000000
0000110001001000000000001111001000000000
0000101111101101000010000010000000000000
0000101111101001011010000010001001000000
0000110001001001011010000010001000000000
1111111111011001011011100000001000000000
0000101111011101000010000011010000000000
0000101111011001011010000010001001000000
0000110001000001011010001000001000000000
1111111111011001011011010000001000000000
0000110001000001011010000010001000000000
0000101111100000000000001110001000000000
0000101111110000000000001111001000000000
0000110001010000000000001111011000000000
0000110000001101000010000010000000001000
0000110000010000000000001110001000000000
0000101111111101000010000010000000000000
1111111111101001011010100010001001100111
0000110000000000000000001110001000000000
0000110001010101000010000010001001001000
0000110001010101000010000010000000000000
0000110000000000000000001110001000100111
1111111111101001011010010010000000000000
0000110000010000000000001110001000100111
0000110000010101000010000010000000001000
1111111111111101000010000010001001000000
0000110000010000000000001110001000100110
0000110000000101000110100010000000000000
0000110001011000000000001110001000000000
0000110001100000000000001111001000000000
0000110001011000000000001100000000000000
0000000000000000000000000000000000000000
0000000000000000000000000000000000000000
0000000000000001010001111010000100000000
1111111111100101000010000010000000000000
0000000000000001010001101010000100000000
1111111111100101000010000010001001000000
0000110000101000000000001110001000000000
0000110001100000000000001100000000000000
0000110000101111111111110010000000000000
1111111111100101000010000010001000000000
0000110000111000000000001110001000000000
0000110000111000000000001100000000000000
1111111111011001011100000000001000000000
0000110000011101000001110010000000000000
0000110000011000000000001110001000000000
0000110000011111111111110010000000000000
0000110000111000000000001110001000000000
1111111111101001011010110010000000000000
0000110010101000000000001110001000000000
0000110010101101000010010010000000000000
0000110010101000000000001110001000000000
0000110010101000000000001100000000000000
0000101010101111111111110010000000000000
0000110010110000000000001110001000000000
0000110010110000000000001100000000000000
0000110010110111111111110010000000000000
0000110011010000000000001110001000000000
0000110011011000000000001111001000000000
0000110001111101000010000010000000000000
0000110001111001011010000010001001000000
0000110011011001011010000010001000000000
1111111111011001011100100000001000000000
0000110001101101000010000011010000000000
0000110001101001011010000010001001000000
0000110011010001011010001000001000000000
1111111111011001011100010000001000000000
0000110011010001011010000010001000000000
0000110001110000000000001110001000000000
0000110010000000000000001111001000000000
0000110011100000000000001111011000000000
0000110010011101000010000010000000001000
0000110010100000000000001110001000000000
0000110010001101000010000010000000000000
1111111111101001011010100010001001100111
0000110010010000000000001110001000000000
0000110011100101000010000010001001001000
0000110011100101000010000010000000000000
0000110010010000000000001110001000100111
1111111111101001011010010010000000000000
0000110010100000000000001110001000100111
0000110010100101000010000010000000001000
1111111111111101000010000010001001000000
0000110010100000000000001110001000100110
0000110010010101000110100010000000000000
0000110011101000000000001110001000000000
0000110011110000000000001111001000000000
0000110011101000000000001100000000000000
0000000000000000000000000000000000000000
0000000000000000000000000000000000000000
0000000000000001010001111010000100000000
1111111111100101000010000010000000000000
0000000000000001010001101010000100000000
1111111111100101000010000010001001000000
0000110010111000000000001110001000000000
0000110011110000000000001100000000000000
0000110010111111111111110010000000000000
1111111111100101000010000010001000000000
0000110011001000000000001110001000000000
0000110011001000000000001100000000000000
1111111111011001011101000000001000000000
0000110010101101000001110010000000000000
0000110010101000000000001110001000000000
0000110010101111111111110010000000000000
0000110011001000000000001110001000000000
0000110000111101000010000100000000000000
0000110011001101000010000010010001001000
0000110011001101000010000010000000000000
0000110011111000000000001110001000010101
1111111111101001011011000100000000000000
1111111111101101000010000010000000001000
0000000000000000000000000000000000000000
0000110000111101000010000010000000000000
0000110011111101000010000010000000100011
0000110000111000000000001110001000000000
0000110000111000000000001100000000000000
0000100110001111111111110010000000000000
0000101111001000000000001110001000000000
1111111111101111111111110010000000000000
1111111111011001011011110000001000000000
0000110011001101000010000010000000000000
0000110011111101000010000010000000100011
0000110011001000000000001110001000000000
0000110011001000000000001100000000000000
0000101010101111111111110010000000000000
0000101111010000000000001110001000000000
1111111111101111111111110010000000000000
1111111111011001011100110000001000000000
0000100110011101000010010010000000000000
0000101010111101000010010010001000000000
0000110110010000000000001110001000000000
0000110110010000000000001100000000000000
0000110110010111111111110010000000000000
0000110110101000000000001110001000000000
0000110110110000000000001111001000000000
0000110100110101000010000010000000000000
0000110100110001100101110010001001000000
0000110110110001100101110010001000000000
0000110100100101000010000011010000000000
0000110100100001100101110010001001000000
0000110110101001100101110010001000000000
1111111111011001100111000000001000000000
0000110100101000000000001110001000000000
0000110100111000000000001111001000000000
0000110101100101000010000010000000000000
0000110101100001100110000010001001000000
0000110110110001100110000010001000000000
0000110101010101000010000011010000000000
0000110101010001100110000010001001000000
0000110110101001100110001000001000000000
0000110110101001100110000010001000000000
0000110101011000000000001110001000000000
0000110101101000000000001111001000000000
0000110110111000000000001111011000000000
0000110110000101000010000010000000001000
0000110110001000000000001110001000000000
0000110101110101000010000010000000000000
1111111111101001100110110010001001100111
0000110101111000000000001110001000000000
0000110110111101000010000010001001001000
0000110110111101000010000010000000000000
0000110101111000000000001110001000100111
1111111111101001100110100010000000000000
0000110110001000000000001110001000100111
0000110110001101000010000010000000001000
1111111111111101000010000010001001000000
0000110110001000000000001110001000100110
0000110101111101000110100010000000000000
0000110111000000000000001110001000000000
0000110111001000000000001111001000000000
0000110111000000000000001100000000000000
0000000000000000000000000000000000000000
0000000000000000000000000000000000000000
0000000000000001011101101010000100000000
1111111111100101000010000010000000000000
0000000000000001011101011010000100000000
1111111111100101000010000010001001000000
0000110110011000000000001110001000000000
0000110111001000000000001100000000000000
0000110110011111111111110010000000000000
1111111111100101000010000010001000000000
0000110110100000000000001110001000000000
0000110110100000000000001100000000000000
0000100110011111111111110010000000000000
0000001010001000000000001110001000000000
0000110101000000000000001110001000000000
0000001010001001100110010010000000000000
0000001010001000000000001110001000000000
0000001010001001100110010010000000000000
0000110100000000000000001110001000000000
0000101010111111111111110010000000000000
0000001010001000000000001110001000000000
0000110101001000000000001110001000000000
0000001010001001100110010010000000000000
0000001010001000000000001110001000000000
0000001010001001100110010010000000000000
0000110100001000000000001110001000000000
1111111111101111111111110010000000000000
0000110100011000000000001110001000000000
0000110101000101000010010010000000000000
0000110101001101000010010010001000000000
0000110110010000000000001110001000000000
0000110110010000000000001100000000000000
0000110110010111111111110010000000000000
0000110110101000000000001110001000000000
0000110110110000000000001111001000000000
0000110100011101000010000010000000000000
0000110100010000000000001110001000000000
1111111111011001100111010000001000000000
0000101111001001100111100010000000000000
0000101111010001100111100100000000000000
0000100110010001100111110010001000000000
0000101010110001100111110100010000000000
0000110100000001101000000010001000000000
0000110100001001101000000100010000000000
0000110111010000000000001110001000000000
0000110111011000000000001110010000000000
0000110111010001101000010010000000000000
0000110111100000000000001110001000000000
0000000000000000000000000000000000000000
0000110111011001101000100010000000000000
0000110111101000000000001110001000000000
0000000000000000000000000000000000000000
0000001000010001101000110010000000000000
0000110111100001101001000010001000000000
0000001101110001101001010010001000000000
0000110111110000000000001110001000000000
0000001000011001101000110010000000000000
0000110111101001101001000010001000000000
0000001110001001101001010010001000000000
0000110111111000000000001110001000000000
0000110111110101000010000010000000000000
1111110110110000000000001110001000000000
0000110111111101000010000010000000000000
1111110110111000000000001110001000000000
0000000000000000000000000000000000000000
1111111000110000000000000000000000000000
0000000000000000000000000000000000000000
1111111011000000000011110000000000000000
0000000000000000000000000000000000000000
1111111001011000000000000000000000000000
0000000000000111110010110000000000000000
1111111011101011010101110000000000000000
1111111000100111110001100010000000000000
1111111000100111110001100010001000000000
1111111000100111110001100010001000000000
1111111000100111110001100010001000000000
1111111001010111110001100010001000000000
1111111000111000000000001110001000000000
1111111011111000000000000000000000000000
1111111100001000000000000000000000000000
1111111011011000000000000000000000000000
0000000000000000000000000000000000000000
1111111001011000000000000000000000000000
0000000000000111110010110000000000000000
1111111011101011011001110000000000000000
1111111000110111110001100010000000000000
1111111000001111110000010010001000000000
1111111000110111110001100011010000000000
1111111000110111110001100010001000000000
1111111001001111110001100010001000000000
1111111000110111110001100010001000000000
1111111000011111110010010010001000000000
1111111001000000000000001111001000000000
1111111000110000000000001110001000000000
1111111011111000000000000000000000000000
1111111100001000000000000000000000000000
1111111011011000000000000000000000000000
0000000000000000000000000000000000000000
