0000000000000000000000000000000000000000
1111111011100000000000000000000000000000
1111111100110100000000000000000000000000
1111111100101100000000000000000000000000
1111111101010100000000000000000000000000
1111111101011100000000000000000000000000
1111111111110101000010000010000000000000
1111111100111000000000000000000000000000
1111111110000000000000000000000000000000
0000000000000000000000000000000000000000
0000000000000000000000000000000000000000
1111111011101000000011000000000000000000
1111111000110000000000001110001000000000
0000000000000000000000000000000000000000
0000000000000000000000000000000000000000
0000000000000000000000000000000000000000
0000000000000000000000000000000000000000
0000000000000000000000000000000000000000
0000000000000000000000000000000000000000
1111111111101000000001110010000000001000
0000000000000000000001101010000000000000
1111111111100000000000001100000000000000
1111111110000000000001110000000000000000
0000000000000000000000000000000000000000
1111111100000000000000000000000000000000
1111111011000000001000100000000000100111
0000000000000000000000000000000000000000
1111111011101000000111100000000000000000
1111111111101000000000010010000000000000
1111111111011000000000010000001100000000
0000000000000111110001100000000000000000
1111111100001000000000000000000000000000
1111111111110100000000000010000000000000
1111111111011000000001110000001000000000
1111110100100101000010000010000000000000
0000000000000000000000001110001000000000
1111110100101101000010000010000000000000
0000000000001000000000001110001000000000
0000000000001101000010000010000000000000
0000000000000000000000000000000000000000
0000000000011000000000001111000000000000
1111111111101000000010100011000001001000
1111111111101101000001000010000000000000
0000000000100000000010000010000000100111
0000000000101000000000001110001000000000
1111111111101000000010010010001001001000
1111111111110101000010000010000000000000
1111111111101101000010000010000000100111
0000000000010000000000001110001000000000
0000000000000000000010110010000000000000
0000000001010000000000001110001000000000
0000000001111000000011100010000000000000
0000000001110000000100000010001000000000
0000000001100000000011100011010000000000
0000000001011000000100000010001000000000
0000000001010000000011000010001000000000
0000000001001000000011010010001000000000
0000000001000000000011110010001000000000
0000000001101000000000001110001000000000
0000000010000000000000001111001000000000
0000000010101000000100110010000000000000
0000000010100000000101010010001000000000
0000000010010000000100110011010000000000
0000000010001000000101010010001000000000
0000000001101000000100010010001000000000
0000000001100000000100100010001000000000
0000000001011000000101000010001000000000
0000000010011000000000001110001000000000
0000000000110000000000001110001000000000
0000000010110000000000001111001000000000
0000000000000101000010000010000000000000
0000000011001000000000001110001000000000
0000000011110000000110000010000000000000
0000000011101000000110100010001000000000
0000000011011000000110000011010000000000
0000000011010000000110100010001000000000
0000000011001000000101100010001000000000
0000000011000000000101110010001000000000
0000000010111000000110010010001000000000
0000000011100000000000001110001000000000
0000000011111000000000001111001000000000
0000000100100000000111010010000000000000
0000000100011000000111110010001000000000
0000000100001000000111010011010000000000
0000000100000000000111110010001000000000
0000000011100000000110110010001000000000
0000000011011000000111000010001000000000
0000000011010000000111100010001000000000
0000000100010000000000001110001000000000
0000000000111000000000001110001000000000
0000000100101000000000001111001000000000
0000000000001000001000000010000000000000
0000000101010000000000001110001000000000
0000000101111000001000110010000000000000
0000000101110000001001010010001000000000
0000000101100000001000110011010000000000
0000000101011000001001010010001000000000
0000000101010000001000010010001000000000
0000000101001000001000100010001000000000
0000000101000000001001000010001000000000
0000000101101000000000001110001000000000
0000000110000000000000001111001000000000
0000000110101000001010000010000000000000
0000000110100000001010100010001000000000
0000000110010000001010000011010000000000
0000000110001000001010100010001000000000
0000000101101000001001100010001000000000
0000000101100000001001110010001000000000
0000000101011000001010010010001000000000
0000000110011000000000001110001000000000
0000000100110000000000001110001000000000
0000000110110000000000001111001000000000
0000000000001101000010000010000000000000
0000000111001000000000001110001000000000
0000000111110000001011010010000000000000
0000000111101000001011110010001000000000
0000000111011000001011010011010000000000
0000000111010000001011110010001000000000
0000000111001000001010110010001000000000
0000000111000000001011000010001000000000
0000000110111000001011100010001000000000
0000000111100000000000001110001000000000
0000000111111000000000001111001000000000
0000001000100000001100100010000000000000
0000001000011000001101000010001000000000
0000001000001000001100100011010000000000
0000001000000000001101000010001000000000
0000000111100000001100000010001000000000
0000000111011000001100010010001000000000
0000000111010000001100110010001000000000
0000001000010000000000001110001000000000
0000000100111000000000001110001000000000
0000001000101000000000001111001000000000
0000000000000000001101010010000000000000
0000001000110000000000001110001000000000
0000000000000000000000000000000000000000
0000000000001000001101100010000000000000
0000001000111000000000001110001000000000
0000000000000000000000000000000000000000
0000000000010101000010000010000000000000
1111111111011110001000000000001000000000
0000000000111000001101110010000000000000
0000000100111000001101110010001000000000
0000001001000000000000001110001000000000
0000000000111000001110000010000000000000
0000001001001000000000001110001000000000
0000000100111000001110010010000000000000
0000001001001000001110010010001000000000
0000001001010000000000001110001000000000
1111111110000000010000010000000000000000
0000001001000101000010000010000000000000
0000001001110000000000001110001000000000
1111111011110000000000000000000000000000
1111111100000000000000000000000000000000
1111111101000000001111110000000000000000
1111111101101000010000000000000000000000
1111111011010011001101010000000000000000
0000000000000000000000000000000000000000
0000001001011000000000001110001000000000
0000001001011000010000100010000000000000
0000001010010000000000001110001000000000
0000000000000000000000000000000000000000
0000001010010000010001000010000000000000
0000001010100000000000001110001000000000
0000001010100101000010000100000000000000
1111111111011000010001110000010000000000
0000001010100000010001110010000000000000
1111111111011000010001110000001000000000
0000001010100000010001110010000000000000
0000001010101000000000001110001000000000
0000001010101000010001010100010001000000
0000001010101000000000001110010000000000
0000001010100101000010000010000000000000
1111111111101101000010000010001001001000
0000000000000000000000000000000000000000
1111111111101000010001100100000000100101
0000001010100101000010000010000001000000
1111111111101101000010000010001001001000
0000000000000000000000000000000000000000
1111111111101000010001100100000001100101
0000001010101000000000001110010000000000
0000001010101000010000110010000000000000
0000001010011000000000001110001000000000
1111111111101000011011010010000000000000
0000001100000000000000001110001000000000
0000001100000101000010000010000000000000
0000001100000000000000001110001000000000
0000001100000000000000001100000000000000
0000001010011111111111110010000000000000
0000001100001000000000001110001000000000
0000001100001000000000001100000000000000
0000001100001111111111110010000000000000
0000001100101000000000001110001000000000
0000001100110000000000001111001000000000
0000001011010101000010000010000000000000
0000001011010000011010100010001001000000
0000001100110000011010100010001000000000
1111111111011000011100000000001000000000
0000001011000101000010000011010000000000
0000001011000000011010100010001001000000
0000001100101000011010101000001000000000
1111111111011000011011110000001000000000
0000001100101000011010100010001000000000
0000001011001000000000001110001000000000
0000001011011000000000001111001000000000
0000001100111000000000001111011000000000
0000001011110101000010000010000000001000
0000001011111000000000001110001000000000
0000001011100101000010000010000000000000
1111111111101000011011000010001001100111
0000001011101000000000001110001000000000
0000001100111101000010000010001001001000
0000001100111101000010000010000000000000
0000001011101000000000001110001000100111
1111111111101000011010110010000000000000
0000001011111000000000001110001000100111
0000001011111101000010000010000000001000
1111111111111101000010000010001001000000
0000001011111000000000001110001000100110
0000001011101101000110100010000000000000
0000001101000000000000001110001000000000
0000001101001000000000001111001000000000
0000001101000000000000001100000000000000
0000000000000000000000000000000000000000
0000000000000000000000000000000000000000
0000000000000000010010011010000100000000
1111111111100101000010000010000000000000
0000000000000000010010001010000100000000
1111111111100101000010000010001001000000
0000001100010000000000001110001000000000
0000001101001000000000001100000000000000
0000001100010111111111110010000000000000
1111111111100101000010000010001000000000
0000001100100000000000001110001000000000
0000001100100000000000001100000000000000
1111111111011000011100100000001000000000
0000001100000101000001110010000000000000
0000001100000000000000001110001000000000
0000001100000111111111110010000000000000
0000001100100000000000001110001000000000
0000001100100000000000001100000000000000
1111111111011000011100010000001000000000
0000001001010111111111110010000000000000
0000001010110000000000001110001000000000
0000001001010111111111110010000000000000
0000001010111000000000001110001000000000
0000001010110000011101010010000000000000
0000001010111000011101010010001000000000
0000001101010000000000001110001000000000
0000001101010000011101100010000000000000
0000001101011000000000001110001000000000
0000001001000000011101110010000000000000
0000001001000000011101110100000000000000
0000001101011000011110000010001000000000
0000001101010000011110000100010000000000
0000001101100000000000001110001000000000
0000001101101000000000001110010000000000
0000000000110000011110010010000000000000
0000000100110000011110010100000000000000
0000001101100000011110100010001000000000
0000001101101000011110100100010000000000
0000001101110000000000001110001000000000
0000001101111000000000001110010000000000
0000001101110000011110110010000000000000
0000000000000000011111000010001000000000
0000001110010000000000001110001000000000
0000001101111000011110110010000000000000
0000000000001000011111000010001000000000
0000001110101000000000001110001000000000
0000001111010000100000000010000000000000
0000001111001000100000010010001000000000
0000001110111000100000000011010000000000
0000001110110000100000010010001000000000
0000001110010000011111010010001000000000
0000001110001000011111100010001000000000
0000001110000000011111110010001000000000
0000001111000000000000001110001000000000
0000001111011000000000001111001000000000
0000010000000000100000000010000000000000
0000001111111000100000010010001000000000
0000001111101000100000000011010000000000
0000001111100000100000010010001000000000
0000001110101000011111010010001000000000
0000001110100000011111100010001000000000
0000001110011000011111110010001000000000
0000001111110000000000001110001000000000
0000010000001000000000001111001000000000
0000001111000000100000100010000000000000
0000010000100000000000001110001000000000
0000000000000000000000000000000000000000
0000001111110000100000110010000000000000
0000010000111000000000001110001000000000
0000000000000000000000000000000000000000
0000010001001000100001000010000000000000
0000010001000000100001010010001000000000
0000010000100000100001100010001000000000
0000010000011000100001110010001000000000
0000010000010000100010000010001000000000
0000010001010000000000001110001000000000
0000010001100000100001000010000000000000
0000010001011000100001010010001000000000
0000010000111000100001100010001000000000
0000010000110000100001110010001000000000
0000010000101000100010000010001000000000
0000010001101000000000001110001000000000
1111111111101000101011100010000000000000
0000010010110000000000001110001000000000
0000010010110101000010010010000000000000
0000010010110000000000001110001000000000
0000010010110000000000001100000000000000
0000010001010111111111110010000000000000
0000010010111000000000001110001000000000
0000010010111000000000001100000000000000
0000010010111111111111110010000000000000
0000010011011000000000001110001000000000
0000010011100000000000001111001000000000
0000010010000101000010000010000000000000
0000010010000000101010110010001001000000
0000010011100000101010110010001000000000
1111111111011000101100010000001000000000
0000010001110101000010000011010000000000
0000010001110000101010110010001001000000
0000010011011000101010111000001000000000
1111111111011000101100000000001000000000
0000010011011000101010110010001000000000
0000010001111000000000001110001000000000
0000010010001000000000001111001000000000
0000010011101000000000001111011000000000
0000010010100101000010000010000000001000
0000010010101000000000001110001000000000
0000010010010101000010000010000000000000
1111111111101000101011010010001001100111
0000010010011000000000001110001000000000
0000010011101101000010000010001001001000
0000010011101101000010000010000000000000
0000010010011000000000001110001000100111
1111111111101000101011000010000000000000
0000010010101000000000001110001000100111
0000010010101101000010000010000000001000
1111111111111101000010000010001001000000
0000010010101000000000001110001000100110
0000010010011101000110100010000000000000
0000010011110000000000001110001000000000
0000010011111000000000001111001000000000
0000010011110000000000001100000000000000
0000000000000000000000000000000000000000
0000000000000000000000000000000000000000
0000000000000000100010101010000100000000
1111111111100101000010000010000000000000
0000000000000000100010011010000100000000
1111111111100101000010000010001001000000
0000010011000000000000001110001000000000
0000010011111000000000001100000000000000
0000010011000111111111110010000000000000
1111111111100101000010000010001000000000
0000010011010000000000001110001000000000
0000010011010000000000001100000000000000
1111111111011000101100110000001000000000
0000010010110101000001110010000000000000
0000010010110000000000001110001000000000
0000010010110111111111110010000000000000
0000010011010000000000001110001000000000
1111111111101000101011100010000000000000
0000010101000000000000001110001000000000
0000010101000101000010010010000000000000
0000010101000000000000001110001000000000
0000010101000000000000001100000000000000
0000010001101111111111110010000000000000
0000010101001000000000001110001000000000
0000010101001000000000001100000000000000
0000010101001111111111110010000000000000
0000010101101000000000001110001000000000
0000010101110000000000001111001000000000
0000010100010101000010000010000000000000
0000010100010000101010110010001001000000
0000010101110000101010110010001000000000
1111111111011000101101010000001000000000
0000010100000101000010000011010000000000
0000010100000000101010110010001001000000
0000010101101000101010111000001000000000
1111111111011000101101000000001000000000
0000010101101000101010110010001000000000
0000010100001000000000001110001000000000
0000010100011000000000001111001000000000
0000010101111000000000001111011000000000
0000010100110101000010000010000000001000
0000010100111000000000001110001000000000
0000010100100101000010000010000000000000
1111111111101000101011010010001001100111
0000010100101000000000001110001000000000
0000010101111101000010000010001001001000
0000010101111101000010000010000000000000
0000010100101000000000001110001000100111
1111111111101000101011000010000000000000
0000010100111000000000001110001000100111
0000010100111101000010000010000000001000
1111111111111101000010000010001001000000
0000010100111000000000001110001000100110
0000010100101101000110100010000000000000
0000010110000000000000001110001000000000
0000010110001000000000001111001000000000
0000010110000000000000001100000000000000
0000000000000000000000000000000000000000
0000000000000000000000000000000000000000
0000000000000000100010101010000100000000
1111111111100101000010000010000000000000
0000000000000000100010011010000100000000
1111111111100101000010000010001001000000
0000010101010000000000001110001000000000
0000010110001000000000001100000000000000
0000010101010111111111110010000000000000
1111111111100101000010000010001000000000
0000010101100000000000001110001000000000
0000010101100000000000001100000000000000
1111111111011000101101110000001000000000
0000010101000101000001110010000000000000
0000010101000000000000001110001000000000
0000010101000111111111110010000000000000
0000010101100000000000001110001000000000
0000010011010101000010000100000000000000
0000010101100101000010000010010001001000
0000010101100101000010000010000000000000
0000010110010000000000001110001000010101
1111111111101000101011110100000000000000
1111111111101101000010000010000000001000
0000000000000000000000000000000000000000
0000010011010101000010000010000000000000
0000010110010101000010000010000000100011
0000010011010000000000001110001000000000
0000010011010000000000001100000000000000
0000010001010111111111110010000000000000
0000010110101000000000001110001000000000
1111111111101111111111110010000000000000
1111111111011000101100100000001000000000
0000010101100101000010000010000000000000
0000010110010101000010000010000000100011
0000010101100000000000001110001000000000
0000010101100000000000001100000000000000
0000010001101111111111110010000000000000
0000010111000000000000001110001000000000
1111111111101111111111110010000000000000
1111111111011000101101100000001000000000
0000010111010000101110000010000000000000
0000010111001000101110010010001000000000
0000010110101000101110100010001000000000
0000010110100000101110110010001000000000
0000010110011000101111000010001000000000
0000010111011000000000001110001000000000
0000010111101000101110000010000000000000
0000010111100000101110010010001000000000
0000010111000000101110100010001000000000
0000010110111000101110110010001000000000
0000010110110000101111000010001000000000
0000010111110000000000001110001000000000
0000010111011000101111010010000000000000
0000010111111000000000001110001000000000
0000000000000000000000000000000000000000
0000010111110000101111100010000000000000
0000011000000000000000001110001000000000
0000000000000000000000000000000000000000
1111111110000000111011110000000000000000
0000010111111101000010000010000000000000
0000011000101000000000001110001000000000
0000011000000101000010000010000000000000
0000011111110000000000001110001000000000
1111111011110000000000000000000000000000
1111111100000000000000000000000000000000
1111111101000000111011000000000000000000
1111111101101000111011100000000000000000
1111111011010011010000100000000000000000
0000000000000000000000000000000000000000
0000011000001000000000001110001000000000
1111111101000000111011010000000000000000
1111111101101000111011100000000000000000
1111111011010011010000100000000000000000
0000000000000000000000000000000000000000
0000011000010000000000001110001000000000
1111111111101000111100000010000000000000
0000100110111101000010000010001001000000
0000100111011000000000001110001000000000
0000100111001101000010000010000000000000
0000100110111101000010000011010000000000
0000100111011000111100010010001000000000
0000100111000000000000001110001000000000
0000100111000000000000001100000000000000
0000100111010000000000001111001000000000
0000011000001111111111110010000000000000
0000100110101000000000001110001000000000
0000011000010111111111110010000000000000
0000100110110000000000001110001000000000
0000100110101000111100100010000000000000
0000101000000000000000001110001000000000
0000101000101000111101010010000000000000
0000101000100000111101110010001000000000
0000101000010000111101010011010000000000
0000101000001000111101110010001000000000
0000101000000000111100110010001000000000
0000100111111000111101000010001000000000
0000100111110000111101100010001000000000
0000101000011000000000001110001000000000
0000101000110000000000001111001000000000
0000101001011000111110100010000000000000
0000101001010000111111000010001000000000
0000101001000000111110100011010000000000
0000101000111000111111000010001000000000
0000101000011000111110000010001000000000
0000101000010000111110010010001000000000
0000101000001000111110110010001000000000
0000101001001000000000001110001000000000
0000100111100000000000001110001000000000
0000101001100000000000001111001000000000
0000100110101101000010000010000000000000
0000101001111000000000001110001000000000
0000101010100000111111110010000000000000
0000101010011001000000010010001000000000
0000101010001000111111110011010000000000
0000101010000001000000010010001000000000
0000101001111000111111010010001000000000
0000101001110000111111100010001000000000
0000101001101001000000000010001000000000
0000101010010000000000001110001000000000
0000101010101000000000001111001000000000
0000101011010001000001000010000000000000
0000101011001001000001100010001000000000
0000101010111001000001000011010000000000
0000101010110001000001100010001000000000
0000101010010001000000100010001000000000
0000101010001001000000110010001000000000
0000101010000001000001010010001000000000
0000101011000000000000001110001000000000
0000100111101000000000001110001000000000
0000101011011000000000001111001000000000
0000100110110001000001110010000000000000
0000101100000000000000001110001000000000
0000101100101001000010100010000000000000
0000101100100001000011000010001000000000
0000101100010001000010100011010000000000
0000101100001001000011000010001000000000
0000101100000001000010000010001000000000
0000101011111001000010010010001000000000
0000101011110001000010110010001000000000
0000101100011000000000001110001000000000
0000101100110000000000001111001000000000
0000101101011001000011110010000000000000
0000101101010001000100010010001000000000
0000101101000001000011110011010000000000
0000101100111001000100010010001000000000
0000101100011001000011010010001000000000
0000101100010001000011100010001000000000
0000101100001001000100000010001000000000
0000101101001000000000001110001000000000
0000101011100000000000001110001000000000
0000101101100000000000001111001000000000
0000100110110101000010000010000000000000
0000101101111000000000001110001000000000
0000101110100001000101000010000000000000
0000101110011001000101100010001000000000
0000101110001001000101000011010000000000
0000101110000001000101100010001000000000
0000101101111001000100100010001000000000
0000101101110001000100110010001000000000
0000101101101001000101010010001000000000
0000101110010000000000001110001000000000
0000101110101000000000001111001000000000
0000101111010001000110010010000000000000
0000101111001001000110110010001000000000
0000101110111001000110010011010000000000
0000101110110001000110110010001000000000
0000101110010001000101110010001000000000
0000101110001001000110000010001000000000
0000101110000001000110100010001000000000
0000101111000000000000001110001000000000
0000101011101000000000001110001000000000
0000101111011000000000001111001000000000
1111111111101001010000010010000000000000
0000110000110000000000001110001000000000
0000110000110101000010010010000000000000
0000110000110000000000001110001000000000
0000110000110000000000001100000000000000
0000100111100111111111110010000000000000
0000110000111000000000001110001000000000
0000110000111000000000001100000000000000
0000110000111111111111110010000000000000
0000110001011000000000001110001000000000
0000110001100000000000001111001000000000
0000110000000101000010000010000000000000
0000110000000001001111100010001001000000
0000110001100001001111100010001000000000
1111111111011001010001000000001000000000
0000101111110101000010000011010000000000
0000101111110001001111100010001001000000
0000110001011001001111101000001000000000
1111111111011001010000110000001000000000
0000110001011001001111100010001000000000
0000101111111000000000001110001000000000
0000110000001000000000001111001000000000
0000110001101000000000001111011000000000
0000110000100101000010000010000000001000
0000110000101000000000001110001000000000
0000110000010101000010000010000000000000
1111111111101001010000000010001001100111
0000110000011000000000001110001000000000
0000110001101101000010000010001001001000
0000110001101101000010000010000000000000
0000110000011000000000001110001000100111
1111111111101001001111110010000000000000
0000110000101000000000001110001000100111
0000110000101101000010000010000000001000
1111111111111101000010000010001001000000
0000110000101000000000001110001000100110
0000110000011101000110100010000000000000
0000110001110000000000001110001000000000
0000110001111000000000001111001000000000
0000110001110000000000001100000000000000
0000000000000000000000000000000000000000
0000000000000000000000000000000000000000
0000000000000001000111011010000100000000
1111111111100101000010000010000000000000
0000000000000001000111001010000100000000
1111111111100101000010000010001001000000
0000110001000000000000001110001000000000
0000110001111000000000001100000000000000
0000110001000111111111110010000000000000
1111111111100101000010000010001000000000
0000110001010000000000001110001000000000
0000110001010000000000001100000000000000
1111111111011001010001100000001000000000
0000110000110101000001110010000000000000
0000110000110000000000001110001000000000
0000110000110111111111110010000000000000
0000110001010000000000001110001000000000
1111111111101001010000010010000000000000
0000110011000000000000001110001000000000
0000110011000101000010010010000000000000
0000110011000000000000001110001000000000
0000110011000000000000001100000000000000
0000101011100111111111110010000000000000
0000110011001000000000001110001000000000
0000110011001000000000001100000000000000
0000110011001111111111110010000000000000
0000110011101000000000001110001000000000
0000110011110000000000001111001000000000
0000110010010101000010000010000000000000
0000110010010001001111100010001001000000
0000110011110001001111100010001000000000
1111111111011001010010000000001000000000
0000110010000101000010000011010000000000
0000110010000001001111100010001001000000
0000110011101001001111101000001000000000
1111111111011001010001110000001000000000
0000110011101001001111100010001000000000
0000110010001000000000001110001000000000
0000110010011000000000001111001000000000
0000110011111000000000001111011000000000
0000110010110101000010000010000000001000
0000110010111000000000001110001000000000
0000110010100101000010000010000000000000
1111111111101001010000000010001001100111
0000110010101000000000001110001000000000
0000110011111101000010000010001001001000
0000110011111101000010000010000000000000
0000110010101000000000001110001000100111
1111111111101001001111110010000000000000
0000110010111000000000001110001000100111
0000110010111101000010000010000000001000
1111111111111101000010000010001001000000
0000110010111000000000001110001000100110
0000110010101101000110100010000000000000
0000110100000000000000001110001000000000
0000110100001000000000001111001000000000
0000110100000000000000001100000000000000
0000000000000000000000000000000000000000
0000000000000000000000000000000000000000
0000000000000001000111011010000100000000
1111111111100101000010000010000000000000
0000000000000001000111001010000100000000
1111111111100101000010000010001001000000
0000110011010000000000001110001000000000
0000110100001000000000001100000000000000
0000110011010111111111110010000000000000
1111111111100101000010000010001000000000
0000110011100000000000001110001000000000
0000110011100000000000001100000000000000
1111111111011001010010100000001000000000
0000110011000101000001110010000000000000
0000110011000000000000001110001000000000
0000110011000111111111110010000000000000
0000110011100000000000001110001000000000
0000110001010101000010000100000000000000
0000110011100101000010000010010001001000
0000110011100101000010000010000000000000
0000110100010000000000001110001000010101
1111111111101001010000100100000000000000
1111111111101101000010000010000000001000
0000000000000000000000000000000000000000
0000110001010101000010000010000000000000
0000110100010101000010000010000000100011
0000110001010000000000001110001000000000
0000110001010000000000001100000000000000
0000100111100111111111110010000000000000
0000101111100000000000001110001000000000
1111111111101111111111110010000000000000
1111111111011001010001010000001000000000
0000110011100101000010000010000000000000
0000110100010101000010000010000000100011
0000110011100000000000001110001000000000
0000110011100000000000001100000000000000
0000101011100111111111110010000000000000
0000101111101000000000001110001000000000
1111111111101111111111110010000000000000
1111111111011001010010010000001000000000
0000100111101101000010010010000000000000
0000101011101101000010010010001000000000
0000110110101000000000001110001000000000
0000110110101000000000001100000000000000
0000110110101111111111110010000000000000
0000110111000000000000001110001000000000
0000110111001000000000001111001000000000
0000110101001101000010000010000000000000
0000110101001001011011010010001001000000
0000110111001001011011010010001000000000
0000110100111101000010000011010000000000
0000110100111001011011010010001001000000
0000110111000001011011010010001000000000
1111111111011001011100100000001000000000
0000110101000000000000001110001000000000
0000110101010000000000001111001000000000
0000110101111101000010000010000000000000
0000110101111001011011100010001001000000
0000110111001001011011100010001000000000
0000110101101101000010000011010000000000
0000110101101001011011100010001001000000
0000110111000001011011101000001000000000
0000110111000001011011100010001000000000
0000110101110000000000001110001000000000
0000110110000000000000001111001000000000
0000110111010000000000001111011000000000
0000110110011101000010000010000000001000
0000110110100000000000001110001000000000
0000110110001101000010000010000000000000
1111111111101001011100010010001001100111
0000110110010000000000001110001000000000
0000110111010101000010000010001001001000
0000110111010101000010000010000000000000
0000110110010000000000001110001000100111
1111111111101001011100000010000000000000
0000110110100000000000001110001000100111
0000110110100101000010000010000000001000
1111111111111101000010000010001001000000
0000110110100000000000001110001000100110
0000110110010101000110100010000000000000
0000110111011000000000001110001000000000
0000110111100000000000001111001000000000
0000110111011000000000001100000000000000
0000000000000000000000000000000000000000
0000000000000000000000000000000000000000
0000000000000001010011001010000100000000
1111111111100101000010000010000000000000
0000000000000001010010111010000100000000
1111111111100101000010000010001001000000
0000110110110000000000001110001000000000
0000110111100000000000001100000000000000
0000110110110111111111110010000000000000
1111111111100101000010000010001000000000
0000110110111000000000001110001000000000
0000110110111000000000001100000000000000
0000100111101111111111110010000000000000
0000001010101000000000001110001000000000
0000110101011000000000001110001000000000
0000001010101001011011110010000000000000
0000001010101000000000001110001000000000
0000001010101001011011110010000000000000
0000110100011000000000001110001000000000
0000101011101111111111110010000000000000
0000001010101000000000001110001000000000
0000110101100000000000001110001000000000
0000001010101001011011110010000000000000
0000001010101000000000001110001000000000
0000001010101001011011110010000000000000
0000110100100000000000001110001000000000
1111111111101111111111110010000000000000
0000110100110000000000001110001000000000
0000110101011101000010010010000000000000
0000110101100101000010010010001000000000
0000110110101000000000001110001000000000
0000110110101000000000001100000000000000
0000110110101111111111110010000000000000
0000110111000000000000001110001000000000
0000110111001000000000001111001000000000
0000110100110101000010000010000000000000
0000110100101000000000001110001000000000
1111111111011001011100110000001000000000
0000101111100001011101000010000000000000
0000101111101001011101000100000000000000
0000110100011001011101010010001000000000
0000110100100001011101010100010000000000
0000110111101000000000001110001000000000
0000110111110000000000001110010000000000
0000110111101001011101100010000000000000
0000110111111000000000001110001000000000
0000000000000000000000000000000000000000
0000110111110001011101110010000000000000
0000111000000000000000001110001000000000
0000000000000000000000000000000000000000
0000001000110001011110000010000000000000
0000110111111001011110010010001000000000
0000001110010001011110100010001000000000
0000111000001000000000001110001000000000
0000001000111001011110000010000000000000
0000111000000001011110010010001000000000
0000001110101001011110100010001000000000
0000111000010000000000001110001000000000
0000111000001101000010000010000000000000
1111110110110000000000001110001000000000
0000111000010101000010000010000000000000
1111110110111000000000001110001000000000
0000000000000000000000000000000000000000
1111111000110000000000000000000000000000
0000000000000000000000000000000000000000
1111111011000000000011110000000000000000
0000000000000000000000000000000000000000
1111111001011000000000000000000000000000
0000000000000111110010110000000000000000
1111111011101011001111010000000000000000
1111111000100111110001100010000000000000
1111111000100111110001100010001000000000
1111111000100111110001100010001000000000
1111111000100111110001100010001000000000
1111111001010111110001100010001000000000
1111111000111000000000001110001000000000
1111111011111000000000000000000000000000
1111111100001000000000000000000000000000
1111111011011000000000000000000000000000
0000000000000000000000000000000000000000
1111111001011000000000000000000000000000
0000000000000111110010110000000000000000
1111111011101011010011010000000000000000
1111111000110111110001100010000000000000
1111111000001111110000010010001000000000
1111111000110111110001100011010000000000
1111111000110111110001100010001000000000
1111111001001111110001100010001000000000
1111111000110111110001100010001000000000
1111111000011111110010010010001000000000
1111111001000000000000001111001000000000
1111111000110000000000001110001000000000
1111111011111000000000000000000000000000
1111111100001000000000000000000000000000
1111111011011000000000000000000000000000
0000000000000000000000000000000000000000
