0000000000000000000000000000000000000000
1111111011100000000000000000000000000000
1111111100110100000000000000000000000000
1111111100101100000000000000000000000000
1111111101010100000000000000000000000000
1111111101011100000000000000000000000000
1111111111110101000010000010000000000000
1111111100111000000000000000000000000000
1111111110000000000000000000000000000000
0000000000000000000000000000000000000000
0000000000000000000000000000000000000000
1111111011101000000011000000000000000000
1111111000110000000000001110001000000000
0000000000000000000000000000000000000000
0000000000000000000000000000000000000000
0000000000000000000000000000000000000000
0000000000000000000000000000000000000000
0000000000000000000000000000000000000000
0000000000000000000000000000000000000000
1111111111101000000001110010000000001000
0000000000000000000001101010000000000000
1111111111100000000000001100000000000000
1111111110000000000001110000000000000000
0000000000000000000000000000000000000000
1111111100000000000000000000000000000000
1111111011000000001000100000000000100111
0000000000000000000000000000000000000000
1111111011101000000111100000000000000000
1111111111101000000000010010000000000000
1111111111011000000000010000001100000000
0000000000000111110001100000000000000000
1111111100001000000000000000000000000000
1111111111110100000000000010000000000000
1111111111011000000001110000001000000000
1111110110100101000010000010000000000000
0000000000000000000000001110001000000000
1111110110101101000010000010000000000000
0000000000001000000000001110001000000000
0000000000000000000010000010000000000000
0000000000001000000010000010001000000000
0000000000010000000000001110001000000000
0000000000000000000010010010000000000000
0000000000111000000000001110001000000000
0000000001100000000011000010000000000000
0000000001011000000011100010001000000000
0000000001001000000011000011010000000000
0000000001000000000011100010001000000000
0000000000111000000010100010001000000000
0000000000110000000010110010001000000000
0000000000101000000011010010001000000000
0000000001010000000000001110001000000000
0000000001101000000000001111001000000000
0000000010010000000100010010000000000000
0000000010001000000100110010001000000000
0000000001111000000100010011010000000000
0000000001110000000100110010001000000000
0000000001010000000011110010001000000000
0000000001001000000100000010001000000000
0000000001000000000100100010001000000000
0000000010000000000000001110001000000000
0000000000011000000000001110001000000000
0000000010011000000000001111001000000000
0000000000000101000010000010000000000000
0000000010110000000000001110001000000000
0000000011011000000101100010000000000000
0000000011010000000110000010001000000000
0000000011000000000101100011010000000000
0000000010111000000110000010001000000000
0000000010110000000101000010001000000000
0000000010101000000101010010001000000000
0000000010100000000101110010001000000000
0000000011001000000000001110001000000000
0000000011100000000000001111001000000000
0000000100001000000110110010000000000000
0000000100000000000111010010001000000000
0000000011110000000110110011010000000000
0000000011101000000111010010001000000000
0000000011001000000110010010001000000000
0000000011000000000110100010001000000000
0000000010111000000111000010001000000000
0000000011111000000000001110001000000000
0000000000100000000000001110001000000000
0000000100010000000000001111001000000000
0000000000001000000111100010000000000000
0000000100111000000000001110001000000000
0000000101100000001000010010000000000000
0000000101011000001000110010001000000000
0000000101001000001000010011010000000000
0000000101000000001000110010001000000000
0000000100111000000111110010001000000000
0000000100110000001000000010001000000000
0000000100101000001000100010001000000000
0000000101010000000000001110001000000000
0000000101101000000000001111001000000000
0000000110010000001001100010000000000000
0000000110001000001010000010001000000000
0000000101111000001001100011010000000000
0000000101110000001010000010001000000000
0000000101010000001001000010001000000000
0000000101001000001001010010001000000000
0000000101000000001001110010001000000000
0000000110000000000000001110001000000000
0000000100011000000000001110001000000000
0000000110011000000000001111001000000000
0000000000001101000010000010000000000000
0000000110110000000000001110001000000000
0000000111011000001010110010000000000000
0000000111010000001011010010001000000000
0000000111000000001010110011010000000000
0000000110111000001011010010001000000000
0000000110110000001010010010001000000000
0000000110101000001010100010001000000000
0000000110100000001011000010001000000000
0000000111001000000000001110001000000000
0000000111100000000000001111001000000000
0000001000001000001100000010000000000000
0000001000000000001100100010001000000000
0000000111110000001100000011010000000000
0000000111101000001100100010001000000000
0000000111001000001011100010001000000000
0000000111000000001011110010001000000000
0000000110111000001100010010001000000000
0000000111111000000000001110001000000000
0000000100100000000000001110001000000000
0000001000010000000000001111001000000000
0000000000010101000010000010000000000000
1111111111011000001100110000001000000000
0000001000011000000000001110001000000000
1111111111101000010111110100000000000000
0000000000000101000010010010000000000000
0000000000001101000010010010001000000000
0000001001110000000000001110001000000000
0000001001110101000011000010000000000000
0000001011000000000000001110001000000000
0000001011000000000000001100000000000000
0000001011000111111111110010000000000000
0000001011001000000000001110001000000000
0000001001110000000000001100000000000000
0000001001110111111111110010000000000000
0000001010010000000000001110001000000000
0000001010011000000000001111001000000000
0000001011010101000010000010000000000000
0000001011010000010111000010001001000000
0000001011001000010111000010001000001000
0000001011011000000000001110001000000000
0000001001000101000010000010000000000000
0000001001000000010111000010001001000000
0000001010011000010111000010001000000000
0000001000110101000010000011010000000000
0000001000110000010111000010001001000000
0000001010010000010111000010001000000000
0000001000111000000000001110001000000000
1111111111110101000010000100001000000000
0000001001001000000000001111001000000000
0000001011011101000010000010000000000000
1111111111110101000010001000001000000000
1111111111110101000010001000010000100011
1111111111101101000010100010000000000000
0000000000000000000000000000000000000000
0000001010111000000000001111011000000000
0000001010111101000010000010001000000000
0000001010100000000000001110001000000000
0000001010100000000000001111011000100011
0000001001100101000010000010000000001000
0000001001101000000000001110001000000000
0000001001010101000010000010000000000000
1111111111101000010111100010001001100111
0000001001011000000000001110001000000000
0000001010100101000010000010001001001000
0000001010100101000010000010000000000000
0000001001011000000000001110001000100111
1111111111101000010111010010000000000000
0000001001101000000000001110001000100111
0000001001101101000010000010000000001000
1111111111111101000010000010001001000000
0000001001101000000000001110001000100110
0000001001011101000110100010000000000000
0000001010101000000000001110001000000000
0000001010110000000000001111001000000000
0000001010101000000000001100000000000000
0000000000000000000000000000000000000000
0000000000000000000000000000000000000000
0000000000000000001101011010000100000000
1111111111100101000010000010000000000000
0000000000000000001101001010000100000000
1111111111100101000010000010001001000000
0000001001111000000000001110001000000000
0000001010110000000000001100000000000000
0000001001111111111111110010000000000000
1111111111100101000010000010001000000000
0000001010001000000000001110001000000000
0000001010001000000000001100000000000000
0000000000000111111111110010000000000000
0000001000100000000000001110001000000000
0000000000001111111111110010000000000000
0000001000101000000000001110001000000000
0000001000100000011000000010000000000000
0000001011100000000000001110001000000000
0000000000000000000000000000000000000000
0000001000101000011000010010000000000000
0000001011101000000000001110001000000000
0000000000000000000000000000000000000000
0000000000100000011000100010000000000000
0000000100100000011000100010001000000000
0000001011110000000000001110001000000000
0000000000100000011000110010000000000000
0000001011111000000000001110001000000000
0000000100100000011001000010000000000000
0000001011111000011001000010001000000000
0000001100000000000000001110001000000000
1111111110000000011011000000000000000000
0000001011110101000010000010000000000000
0000001100100000000000001110001000000000
1111111011110000000000000000000000000000
1111111100000000000000000000000000000000
1111111101000000011010100000000000000000
1111111101101000011010110000000000000000
1111111011010011001011110000000000000000
0000000000000000000000000000000000000000
0000001100001000000000001110001000000000
0000001100001000011011010010000000000000
0000001101000000000000001110001000000000
0000000000000000000000000000000000000000
0000001101000000011011110010000000000000
0000001101010000000000001110001000000000
0000001101010101000010000100000000000000
1111111111011000011100100000010000000000
0000001101010000011100100010000000000000
1111111111011000011100100000001000000000
0000001101010000011100100010000000000000
0000001101011000000000001110001000000000
0000001101011000011100000100010001000000
0000001101011000000000001110010000000000
0000001101010101000010000010000000000000
1111111111101101000010000010001001001000
0000000000000000000000000000000000000000
1111111111101000011100010100000000100101
0000001101010101000010000010000001000000
1111111111101101000010000010001001001000
0000000000000000000000000000000000000000
1111111111101000011100010100000001100101
0000001101011000000000001110010000000000
0000001101011000011011100010000000000000
0000001101001000000000001110001000000000
1111111111101000100110000010000000000000
0000001110110000000000001110001000000000
0000001110110101000010000010000000000000
0000001110110000000000001110001000000000
0000001110110000000000001100000000000000
0000001101001111111111110010000000000000
0000001110111000000000001110001000000000
0000001110111000000000001100000000000000
0000001110111111111111110010000000000000
0000001111011000000000001110001000000000
0000001111100000000000001111001000000000
0000001110000101000010000010000000000000
0000001110000000100101010010001001000000
0000001111100000100101010010001000000000
1111111111011000100110110000001000000000
0000001101110101000010000011010000000000
0000001101110000100101010010001001000000
0000001111011000100101011000001000000000
1111111111011000100110100000001000000000
0000001111011000100101010010001000000000
0000001101111000000000001110001000000000
0000001110001000000000001111001000000000
0000001111101000000000001111011000000000
0000001110100101000010000010000000001000
0000001110101000000000001110001000000000
0000001110010101000010000010000000000000
1111111111101000100101110010001001100111
0000001110011000000000001110001000000000
0000001111101101000010000010001001001000
0000001111101101000010000010000000000000
0000001110011000000000001110001000100111
1111111111101000100101100010000000000000
0000001110101000000000001110001000100111
0000001110101101000010000010000000001000
1111111111111101000010000010001001000000
0000001110101000000000001110001000100110
0000001110011101000110100010000000000000
0000001111110000000000001110001000000000
0000001111111000000000001111001000000000
0000001111110000000000001100000000000000
0000000000000000000000000000000000000000
0000000000000000000000000000000000000000
0000000000000000011101001010000100000000
1111111111100101000010000010000000000000
0000000000000000011100111010000100000000
1111111111100101000010000010001001000000
0000001111000000000000001110001000000000
0000001111111000000000001100000000000000
0000001111000111111111110010000000000000
1111111111100101000010000010001000000000
0000001111010000000000001110001000000000
0000001111010000000000001100000000000000
1111111111011000100111010000001000000000
0000001110110101000001110010000000000000
0000001110110000000000001110001000000000
0000001110110111111111110010000000000000
0000001111010000000000001110001000000000
0000001111010000000000001100000000000000
1111111111011000100111000000001000000000
0000001100000111111111110010000000000000
0000001101100000000000001110001000000000
0000001100000111111111110010000000000000
0000001101101000000000001110001000000000
0000001101100000101000000010000000000000
0000001101101000101000000010001000000000
0000010000000000000000001110001000000000
0000010000000000101000010010000000000000
0000010000001000000000001110001000000000
0000001011110000101000100010000000000000
0000001011110000101000100100000000000000
0000010000001000101000110010001000000000
0000010000000000101000110100010000000000
0000010000010000000000001110001000000000
0000010000011000000000001110010000000000
0000000000011000101001000010000000000000
0000000100011000101001000100000000000000
0000010000010000101001010010001000000000
0000010000011000101001010100010000000000
0000010000100000000000001110001000000000
0000010000101000000000001110010000000000
0000010000100000101001100010000000000000
0000000000000000101001110010001000000000
0000010001000000000000001110001000000000
0000010000101000101001100010000000000000
0000000000001000101001110010001000000000
0000010001011000000000001110001000000000
0000010010000000101010110010000000000000
0000010001111000101011000010001000000000
0000010001101000101010110011010000000000
0000010001100000101011000010001000000000
0000010001000000101010000010001000000000
0000010000111000101010010010001000000000
0000010000110000101010100010001000000000
0000010001110000000000001110001000000000
0000010010001000000000001111001000000000
0000010010110000101010110010000000000000
0000010010101000101011000010001000000000
0000010010011000101010110011010000000000
0000010010010000101011000010001000000000
0000010001011000101010000010001000000000
0000010001010000101010010010001000000000
0000010001001000101010100010001000000000
0000010010100000000000001110001000000000
0000010010111000000000001111001000000000
0000010001110000101011010010000000000000
0000010011010000000000001110001000000000
0000000000000000000000000000000000000000
0000010010100000101011100010000000000000
0000010011101000000000001110001000000000
0000000000000000000000000000000000000000
0000010011111000101011110010000000000000
0000010011110000101100000010001000000000
0000010011010000101100010010001000000000
0000010011001000101100100010001000000000
0000010011000000101100110010001000000000
0000010100000000000000001110001000000000
0000010100010000101011110010000000000000
0000010100001000101100000010001000000000
0000010011101000101100010010001000000000
0000010011100000101100100010001000000000
0000010011011000101100110010001000000000
0000010100011000000000001110001000000000
0000010100101000101101000010000000000000
0000010100100000101101010010001000000000
0000010100000000101101100010001000000000
0000010011111000101101110010001000000000
0000010011110000101110000010001000000000
0000010100110000000000001110001000000000
0000010101000000101101000010000000000000
0000010100111000101101010010001000000000
0000010100011000101101100010001000000000
0000010100010000101101110010001000000000
0000010100001000101110000010001000000000
0000010101001000000000001110001000000000
1111111111101000110111100010000000000000
0000010110010000000000001110001000000000
0000010110010101000010010010000000000000
0000010110010000000000001110001000000000
0000010110010000000000001100000000000000
0000010100110111111111110010000000000000
0000010110011000000000001110001000000000
0000010110011000000000001100000000000000
0000010110011111111111110010000000000000
0000010110111000000000001110001000000000
0000010111000000000000001111001000000000
0000010101100101000010000010000000000000
0000010101100000110110110010001001000000
0000010111000000110110110010001000000000
1111111111011000111000010000001000000000
0000010101010101000010000011010000000000
0000010101010000110110110010001001000000
0000010110111000110110111000001000000000
1111111111011000111000000000001000000000
0000010110111000110110110010001000000000
0000010101011000000000001110001000000000
0000010101101000000000001111001000000000
0000010111001000000000001111011000000000
0000010110000101000010000010000000001000
0000010110001000000000001110001000000000
0000010101110101000010000010000000000000
1111111111101000110111010010001001100111
0000010101111000000000001110001000000000
0000010111001101000010000010001001001000
0000010111001101000010000010000000000000
0000010101111000000000001110001000100111
1111111111101000110111000010000000000000
0000010110001000000000001110001000100111
0000010110001101000010000010000000001000
1111111111111101000010000010001001000000
0000010110001000000000001110001000100110
0000010101111101000110100010000000000000
0000010111010000000000001110001000000000
0000010111011000000000001111001000000000
0000010111010000000000001100000000000000
0000000000000000000000000000000000000000
0000000000000000000000000000000000000000
0000000000000000101110101010000100000000
1111111111100101000010000010000000000000
0000000000000000101110011010000100000000
1111111111100101000010000010001001000000
0000010110100000000000001110001000000000
0000010111011000000000001100000000000000
0000010110100111111111110010000000000000
1111111111100101000010000010001000000000
0000010110110000000000001110001000000000
0000010110110000000000001100000000000000
1111111111011000111000110000001000000000
0000010110010101000001110010000000000000
0000010110010000000000001110001000000000
0000010110010111111111110010000000000000
0000010110110000000000001110001000000000
1111111111101000110111100010000000000000
0000011000100000000000001110001000000000
0000011000100101000010010010000000000000
0000011000100000000000001110001000000000
0000011000100000000000001100000000000000
0000010101001111111111110010000000000000
0000011000101000000000001110001000000000
0000011000101000000000001100000000000000
0000011000101111111111110010000000000000
0000011001001000000000001110001000000000
0000011001010000000000001111001000000000
0000010111110101000010000010000000000000
0000010111110000110110110010001001000000
0000011001010000110110110010001000000000
1111111111011000111001010000001000000000
0000010111100101000010000011010000000000
0000010111100000110110110010001001000000
0000011001001000110110111000001000000000
1111111111011000111001000000001000000000
0000011001001000110110110010001000000000
0000010111101000000000001110001000000000
0000010111111000000000001111001000000000
0000011001011000000000001111011000000000
0000011000010101000010000010000000001000
0000011000011000000000001110001000000000
0000011000000101000010000010000000000000
1111111111101000110111010010001001100111
0000011000001000000000001110001000000000
0000011001011101000010000010001001001000
0000011001011101000010000010000000000000
0000011000001000000000001110001000100111
1111111111101000110111000010000000000000
0000011000011000000000001110001000100111
0000011000011101000010000010000000001000
1111111111111101000010000010001001000000
0000011000011000000000001110001000100110
0000011000001101000110100010000000000000
0000011001100000000000001110001000000000
0000011001101000000000001111001000000000
0000011001100000000000001100000000000000
0000000000000000000000000000000000000000
0000000000000000000000000000000000000000
0000000000000000101110101010000100000000
1111111111100101000010000010000000000000
0000000000000000101110011010000100000000
1111111111100101000010000010001001000000
0000011000110000000000001110001000000000
0000011001101000000000001100000000000000
0000011000110111111111110010000000000000
1111111111100101000010000010001000000000
0000011001000000000000001110001000000000
0000011001000000000000001100000000000000
1111111111011000111001110000001000000000
0000011000100101000001110010000000000000
0000011000100000000000001110001000000000
0000011000100111111111110010000000000000
0000011001000000000000001110001000000000
0000010110110101000010000100000000000000
0000011001000101000010000010010001001000
0000011001000101000010000010000000000000
0000011001110000000000001110001000010101
1111111111101000110111110100000000000000
1111111111101101000010000010000000001000
0000000000000000000000000000000000000000
0000010110110101000010000010000000000000
0000011001110101000010000010000000100011
0000010110110000000000001110001000000000
0000010110110000000000001100000000000000
0000010100110111111111110010000000000000
0000011010001000000000001110001000000000
1111111111101111111111110010000000000000
1111111111011000111000100000001000000000
0000011001000101000010000010000000000000
0000011001110101000010000010000000100011
0000011001000000000000001110001000000000
0000011001000000000000001100000000000000
0000010101001111111111110010000000000000
0000011010100000000000001110001000000000
1111111111101111111111110010000000000000
1111111111011000111001100000001000000000
0000011010110000111010000010000000000000
0000011010101000111010010010001000000000
0000011010001000111010100010001000000000
0000011010000000111010110010001000000000
0000011001111000111011000010001000000000
0000011010111000000000001110001000000000
0000011011001000111010000010000000000000
0000011011000000111010010010001000000000
0000011010100000111010100010001000000000
0000011010011000111010110010001000000000
0000011010010000111011000010001000000000
0000011011010000000000001110001000000000
0000011011100000111011010010000000000000
0000011011011000111011100010001000000000
0000011010111000111011110010001000000000
0000011010110000111100000010001000000000
0000011010101000111100010010001000000000
0000011011101000000000001110001000000000
0000011011111000111011010010000000000000
0000011011110000111011100010001000000000
0000011011010000111011110010001000000000
0000011011001000111100000010001000000000
0000011011000000111100010010001000000000
0000011100000000000000001110001000000000
0000011011101000111100100010000000000000
0000011100001000000000001110001000000000
0000000000000000000000000000000000000000
0000011100000000111100110010000000000000
0000011100010000000000001110001000000000
0000000000000000000000000000000000000000
1111111110000001001001000000000000000000
0000011100001101000010000010000000000000
0000011100111000000000001110001000000000
0000011100010101000010000010000000000000
0000100100000000000000001110001000000000
1111111011110000000000000000000000000000
1111111100000000000000000000000000000000
1111111101000001001000010000000000000000
1111111101101001001000110000000000000000
1111111011010011001111000000000000000000
0000000000000000000000000000000000000000
0000011100011000000000001110001000000000
1111111101000001001000100000000000000000
1111111101101001001000110000000000000000
1111111011010011001111000000000000000000
0000000000000000000000000000000000000000
0000011100100000000000001110001000000000
0000011100011001001001010010000000000000
0000101010111000000000001110001000000000
0000000000000000000000000000000000000000
0000011100100001001001100010000000000000
0000101011000000000000001110001000000000
0000000000000000000000000000000000000000
0000101010111001001001110010000000000000
0000101011001000000000001110001000000000
0000000000000000000000000000000000000000
0000101011000001001010000010000000000000
0000101011010000000000001110001000000000
0000000000000000000000000000000000000000
0000101011001001001010010010000000000000
0000101011111000000000001110001000000000
0000101100100001001011000010000000000000
0000101100011001001011100010001000000000
0000101100001001001011000011010000000000
0000101100000001001011100010001000000000
0000101011111001001010100010001000000000
0000101011110001001010110010001000000000
0000101011101001001011010010001000000000
0000101100010000000000001110001000000000
0000101100101000000000001111001000000000
0000101101010001001100010010000000000000
0000101101001001001100110010001000000000
0000101100111001001100010011010000000000
0000101100110001001100110010001000000000
0000101100010001001011110010001000000000
0000101100001001001100000010001000000000
0000101100000001001100100010001000000000
0000101101000000000000001110001000000000
0000101011011000000000001110001000000000
0000101101011000000000001111001000000000
0000101011001101000010000010000000000000
0000101101110000000000001110001000000000
0000101110011001001101100010000000000000
0000101110010001001110000010001000000000
0000101110000001001101100011010000000000
0000101101111001001110000010001000000000
0000101101110001001101000010001000000000
0000101101101001001101010010001000000000
0000101101100001001101110010001000000000
0000101110001000000000001110001000000000
0000101110100000000000001111001000000000
0000101111001001001110110010000000000000
0000101111000001001111010010001000000000
0000101110110001001110110011010000000000
0000101110101001001111010010001000000000
0000101110001001001110010010001000000000
0000101110000001001110100010001000000000
0000101101111001001111000010001000000000
0000101110111000000000001110001000000000
0000101011100000000000001110001000000000
0000101111010000000000001111001000000000
0000101011010001001111100010000000000000
0000101111111000000000001110001000000000
0000110000100001010000010010000000000000
0000110000011001010000110010001000000000
0000110000001001010000010011010000000000
0000110000000001010000110010001000000000
0000101111111001001111110010001000000000
0000101111110001010000000010001000000000
0000101111101001010000100010001000000000
0000110000010000000000001110001000000000
0000110000101000000000001111001000000000
0000110001010001010001100010000000000000
0000110001001001010010000010001000000000
0000110000111001010001100011010000000000
0000110000110001010010000010001000000000
0000110000010001010001000010001000000000
0000110000001001010001010010001000000000
0000110000000001010001110010001000000000
0000110001000000000000001110001000000000
0000101111011000000000001110001000000000
0000110001011000000000001111001000000000
0000101011010101000010000010000000000000
0000110001110000000000001110001000000000
0000110010011001010010110010000000000000
0000110010010001010011010010001000000000
0000110010000001010010110011010000000000
0000110001111001010011010010001000000000
0000110001110001010010010010001000000000
0000110001101001010010100010001000000000
0000110001100001010011000010001000000000
0000110010001000000000001110001000000000
0000110010100000000000001111001000000000
0000110011001001010100000010000000000000
0000110011000001010100100010001000000000
0000110010110001010100000011010000000000
0000110010101001010100100010001000000000
0000110010001001010011100010001000000000
0000110010000001010011110010001000000000
0000110001111001010100010010001000000000
0000110010111000000000001110001000000000
0000101111100000000000001110001000000000
0000110011010000000000001111001000000000
1111111111101001011111100100000000000000
0000101011011101000010010010000000000000
0000101111011101000010010010001000000000
0000110100101000000000001110001000000000
0000110100101101000011000010000000000000
0000110101111000000000001110001000000000
0000110101111000000000001100000000000000
0000110101111111111111110010000000000000
0000110110000000000000001110001000000000
0000110100101000000000001100000000000000
0000110100101111111111110010000000000000
0000110101001000000000001110001000000000
0000110101010000000000001111001000000000
0000110110001101000010000010000000000000
0000110110001001011110110010001001000000
0000110110000001011110110010001000001000
0000110110010000000000001110001000000000
0000110011111101000010000010000000000000
0000110011111001011110110010001001000000
0000110101010001011110110010001000000000
0000110011101101000010000011010000000000
0000110011101001011110110010001001000000
0000110101001001011110110010001000000000
0000110011110000000000001110001000000000
1111111111110101000010000100001000000000
0000110100000000000000001111001000000000
0000110110010101000010000010000000000000
1111111111110101000010001000001000000000
1111111111110101000010001000010000100011
1111111111101101000010100010000000000000
0000000000000000000000000000000000000000
0000110101110000000000001111011000000000
0000110101110101000010000010001000000000
0000110101011000000000001110001000000000
0000110101011000000000001111011000100011
0000110100011101000010000010000000001000
0000110100100000000000001110001000000000
0000110100001101000010000010000000000000
1111111111101001011111010010001001100111
0000110100010000000000001110001000000000
0000110101011101000010000010001001001000
0000110101011101000010000010000000000000
0000110100010000000000001110001000100111
1111111111101001011111000010000000000000
0000110100100000000000001110001000100111
0000110100100101000010000010000000001000
1111111111111101000010000010001001000000
0000110100100000000000001110001000100110
0000110100010101000110100010000000000000
0000110101100000000000001110001000000000
0000110101101000000000001111001000000000
0000110101100000000000001100000000000000
0000000000000000000000000000000000000000
0000000000000000000000000000000000000000
0000000000000001010101001010000100000000
1111111111100101000010000010000000000000
0000000000000001010100111010000100000000
1111111111100101000010000010001001000000
0000110100110000000000001110001000000000
0000110101101000000000001100000000000000
0000110100110111111111110010000000000000
1111111111100101000010000010001000000000
0000110101000000000000001110001000000000
0000110101000000000000001100000000000000
0000101011011111111111110010000000000000
0000110011011000000000001110001000000000
0000101111011111111111110010000000000000
0000110011100000000000001110001000000000
1111111111101001101010100100000000000000
0000101011100101000010010010000000000000
0000101111100101000010010010001000000000
0000110111101000000000001110001000000000
0000110111101101000011000010000000000000
0000111000111000000000001110001000000000
0000111000111000000000001100000000000000
0000111000111111111111110010000000000000
0000111001000000000000001110001000000000
0000110111101000000000001100000000000000
0000110111101111111111110010000000000000
0000111000001000000000001110001000000000
0000111000010000000000001111001000000000
0000111001001101000010000010000000000000
0000111001001001101001110010001001000000
0000111001000001101001110010001000001000
0000111001010000000000001110001000000000
0000110110111101000010000010000000000000
0000110110111001101001110010001001000000
0000111000010001101001110010001000000000
0000110110101101000010000011010000000000
0000110110101001101001110010001001000000
0000111000001001101001110010001000000000
0000110110110000000000001110001000000000
1111111111110101000010000100001000000000
0000110111000000000000001111001000000000
0000111001010101000010000010000000000000
1111111111110101000010001000001000000000
1111111111110101000010001000010000100011
1111111111101101000010100010000000000000
0000000000000000000000000000000000000000
0000111000110000000000001111011000000000
0000111000110101000010000010001000000000
0000111000011000000000001110001000000000
0000111000011000000000001111011000100011
0000110111011101000010000010000000001000
0000110111100000000000001110001000000000
0000110111001101000010000010000000000000
1111111111101001101010010010001001100111
0000110111010000000000001110001000000000
0000111000011101000010000010001001001000
0000111000011101000010000010000000000000
0000110111010000000000001110001000100111
1111111111101001101010000010000000000000
0000110111100000000000001110001000100111
0000110111100101000010000010000000001000
1111111111111101000010000010001001000000
0000110111100000000000001110001000100110
0000110111010101000110100010000000000000
0000111000100000000000001110001000000000
0000111000101000000000001111001000000000
0000111000100000000000001100000000000000
0000000000000000000000000000000000000000
0000000000000000000000000000000000000000
0000000000000001100000001010000100000000
1111111111100101000010000010000000000000
0000000000000001011111111010000100000000
1111111111100101000010000010001001000000
0000110111110000000000001110001000000000
0000111000101000000000001100000000000000
0000110111110111111111110010000000000000
1111111111100101000010000010001000000000
0000111000000000000000001110001000000000
0000111000000000000000001100000000000000
0000101011100111111111110010000000000000
0000110110011000000000001110001000000000
0000101111100111111111110010000000000000
0000110110100000000000001110001000000000
0000110110011001101010110010000000000000
0000110011011001101010110010001000000000
0000111001011000000000001110001000000000
0000110110100001101011000010000000000000
0000110011100001101011000010001000000000
0000111001100000000000001110001000000000
0000001011100001101011010010000000000000
0000111001011001101011100010001000000000
0000111001101000000000001110001000000000
0000001011101001101011010010000000000000
0000111001100001101011100010001000000000
0000111001110000000000001110001000000000
0000111001101101000010000010000000000000
1111110110110000000000001110001000000000
0000111001110101000010000010000000000000
1111110110111000000000001110001000000000
0000000000000000000000000000000000000000
1111111000110000000000000000000000000000
0000000000000000000000000000000000000000
1111111011000000000011110000000000000000
0000000000000000000000000000000000000000
1111111001011000000000000000000000000000
0000000000000111110010110000000000000000
1111111011101011001101110000000000000000
1111111000100111110001100010000000000000
1111111000100111110001100010001000000000
1111111000100111110001100010001000000000
1111111000100111110001100010001000000000
1111111001010111110001100010001000000000
1111111000111000000000001110001000000000
1111111011111000000000000000000000000000
1111111100001000000000000000000000000000
1111111011011000000000000000000000000000
0000000000000000000000000000000000000000
1111111001011000000000000000000000000000
0000000000000111110010110000000000000000
1111111011101011010001110000000000000000
1111111000110111110001100010000000000000
1111111000001111110000010010001000000000
1111111000110111110001100011010000000000
1111111000110111110001100010001000000000
1111111001001111110001100010001000000000
1111111000110111110001100010001000000000
1111111000011111110010010010001000000000
1111111001000000000000001111001000000000
1111111000110000000000001110001000000000
1111111011111000000000000000000000000000
1111111100001000000000000000000000000000
1111111011011000000000000000000000000000
0000000000000000000000000000000000000000
