0000000000000000000000000000000000000000
1111111011100000000000000000000000000000
1111111100110100000000000000000000000000
1111111100101100000000000000000000000000
1111111101010100000000000000000000000000
1111111101011100000000000000000000000000
1111111111110101000010000010000000000000
1111111100111000000000000000000000000000
1111111110000000000000000000000000000000
0000000000000000000000000000000000000000
0000000000000000000000000000000000000000
1111111011101000000011000000000000000000
1111111000110000000000001110001000000000
0000000000000000000000000000000000000000
0000000000000000000000000000000000000000
0000000000000000000000000000000000000000
0000000000000000000000000000000000000000
0000000000000000000000000000000000000000
0000000000000000000000000000000000000000
1111111111101000000001110010000000001000
0000000000000000000001101010000000000000
1111111111100000000000001100000000000000
1111111110000000000001110000000000000000
0000000000000000000000000000000000000000
1111111100000000000000000000000000000000
1111111011000000001000100000000000100111
0000000000000000000000000000000000000000
1111111011101000000111100000000000000000
1111111111101000000000010010000000000000
1111111111011000000000010000001100000000
0000000000000111110001100000000000000000
1111111100001000000000000000000000000000
1111111111110100000000000010000000000000
1111111111011000000001110000001000000000
1111110100100101000010000010000000000000
0000000000000000000000001110001000000000
1111110100101101000010000010000000000000
0000000000001000000000001110001000000000
1111111111101000000010000010000000000000
0000000000100101000010000010001001000000
0000000001000000000000001110001000000000
0000000000110101000010000010000000000000
0000000000100101000010000011010000000000
0000000001000000000010010010001000000000
0000000000101000000000001110001000000000
0000000000101000000000001100000000000000
0000000000111000000000001111001000000000
0000000000000111111111110010000000000000
0000000000010000000000001110001000000000
0000000000001111111111110010000000000000
0000000000011000000000001110001000000000
0000000000010000000010100010000000000000
0000000001101000000000001110001000000000
0000000010010000000011010010000000000000
0000000010001000000011110010001000000000
0000000001111000000011010011010000000000
0000000001110000000011110010001000000000
0000000001101000000010110010001000000000
0000000001100000000011000010001000000000
0000000001011000000011100010001000000000
0000000010000000000000001110001000000000
0000000010011000000000001111001000000000
0000000011000000000100100010000000000000
0000000010111000000101000010001000000000
0000000010101000000100100011010000000000
0000000010100000000101000010001000000000
0000000010000000000100000010001000000000
0000000001111000000100010010001000000000
0000000001110000000100110010001000000000
0000000010110000000000001110001000000000
0000000001001000000000001110001000000000
0000000011001000000000001111001000000000
0000000000010101000010000010000000000000
0000000011100000000000001110001000000000
0000000100001000000101110010000000000000
0000000100000000000110010010001000000000
0000000011110000000101110011010000000000
0000000011101000000110010010001000000000
0000000011100000000101010010001000000000
0000000011011000000101100010001000000000
0000000011010000000110000010001000000000
0000000011111000000000001110001000000000
0000000100010000000000001111001000000000
0000000100111000000111000010000000000000
0000000100110000000111100010001000000000
0000000100100000000111000011010000000000
0000000100011000000111100010001000000000
0000000011111000000110100010001000000000
0000000011110000000110110010001000000000
0000000011101000000111010010001000000000
0000000100101000000000001110001000000000
0000000001010000000000001110001000000000
0000000101000000000000001111001000000000
0000000000011000000111110010000000000000
0000000101101000000000001110001000000000
0000000110010000001000100010000000000000
0000000110001000001001000010001000000000
0000000101111000001000100011010000000000
0000000101110000001001000010001000000000
0000000101101000001000000010001000000000
0000000101100000001000010010001000000000
0000000101011000001000110010001000000000
0000000110000000000000001110001000000000
0000000110011000000000001111001000000000
0000000111000000001001110010000000000000
0000000110111000001010010010001000000000
0000000110101000001001110011010000000000
0000000110100000001010010010001000000000
0000000110000000001001010010001000000000
0000000101111000001001100010001000000000
0000000101110000001010000010001000000000
0000000110110000000000001110001000000000
0000000101001000000000001110001000000000
0000000111001000000000001111001000000000
0000000000011101000010000010000000000000
0000000111100000000000001110001000000000
0000001000001000001011000010000000000000
0000001000000000001011100010001000000000
0000000111110000001011000011010000000000
0000000111101000001011100010001000000000
0000000111100000001010100010001000000000
0000000111011000001010110010001000000000
0000000111010000001011010010001000000000
0000000111111000000000001110001000000000
0000001000010000000000001111001000000000
0000001000111000001100010010000000000000
0000001000110000001100110010001000000000
0000001000100000001100010011010000000000
0000001000011000001100110010001000000000
0000000111111000001011110010001000000000
0000000111110000001100000010001000000000
0000000111101000001100100010001000000000
0000001000101000000000001110001000000000
0000000101010000000000001110001000000000
0000001001000000000000001111001000000000
0000000000010000001101000010000000000000
0000001001001000000000001110001000000000
0000000000000000000000000000000000000000
0000000000011000001101010010000000000000
0000001001010000000000001110001000000000
0000000000000000000000000000000000000000
0000000001010000001101100010000000000000
0000000101010000001101100010001000000000
0000001001011000000000001110001000000000
0000000001010000001101110010000000000000
0000001001100000000000001110001000000000
0000000101010000001110000010000000000000
0000001001100000001110000010001000000000
0000001001101000000000001110001000000000
1111111110000000010000000000000000000000
0000001001011101000010000010000000000000
0000001010001000000000001110001000000000
1111111011110000000000000000000000000000
1111111100000000000000000000000000000000
1111111101000000001111100000000000000000
1111111101101000001111110000000000000000
1111111011010011011000000000000000000000
0000000000000000000000000000000000000000
0000001001110000000000001110001000000000
0000001001110000010000010010000000000000
0000001010101000000000001110001000000000
0000000000000000000000000000000000000000
0000001010101000010000110010000000000000
0000001010111000000000001110001000000000
0000001010111101000010000100000000000000
1111111111011000010001100000010000000000
0000001010111000010001100010000000000000
1111111111011000010001100000001000000000
0000001010111000010001100010000000000000
0000001011000000000000001110001000000000
0000001011000000010001000100010001000000
0000001011000000000000001110010000000000
0000001010111101000010000010000000000000
1111111111101101000010000010001001001000
0000000000000000000000000000000000000000
1111111111101000010001010100000000100101
0000001010111101000010000010000001000000
1111111111101101000010000010001001001000
0000000000000000000000000000000000000000
1111111111101000010001010100000001100101
0000001011000000000000001110010000000000
0000001011000000010000100010000000000000
0000001010110000000000001110001000000000
1111111111101000011011000010000000000000
0000001100011000000000001110001000000000
0000001100011101000010000010000000000000
0000001100011000000000001110001000000000
0000001100011000000000001100000000000000
0000001010110111111111110010000000000000
0000001100100000000000001110001000000000
0000001100100000000000001100000000000000
0000001100100111111111110010000000000000
0000001101000000000000001110001000000000
0000001101001000000000001111001000000000
0000001011101101000010000010000000000000
0000001011101000011010010010001001000000
0000001101001000011010010010001000000000
1111111111011000011011110000001000000000
0000001011011101000010000011010000000000
0000001011011000011010010010001001000000
0000001101000000011010011000001000000000
1111111111011000011011100000001000000000
0000001101000000011010010010001000000000
0000001011100000000000001110001000000000
0000001011110000000000001111001000000000
0000001101010000000000001111011000000000
0000001100001101000010000010000000001000
0000001100010000000000001110001000000000
0000001011111101000010000010000000000000
1111111111101000011010110010001001100111
0000001100000000000000001110001000000000
0000001101010101000010000010001001001000
0000001101010101000010000010000000000000
0000001100000000000000001110001000100111
1111111111101000011010100010000000000000
0000001100010000000000001110001000100111
0000001100010101000010000010000000001000
1111111111111101000010000010001001000000
0000001100010000000000001110001000100110
0000001100000101000110100010000000000000
0000001101011000000000001110001000000000
0000001101100000000000001111001000000000
0000001101011000000000001100000000000000
0000000000000000000000000000000000000000
0000000000000000000000000000000000000000
0000000000000000010010001010000100000000
1111111111100101000010000010000000000000
0000000000000000010001111010000100000000
1111111111100101000010000010001001000000
0000001100101000000000001110001000000000
0000001101100000000000001100000000000000
0000001100101111111111110010000000000000
1111111111100101000010000010001000000000
0000001100111000000000001110001000000000
0000001100111000000000001100000000000000
1111111111011000011100010000001000000000
0000001100011101000001110010000000000000
0000001100011000000000001110001000000000
0000001100011111111111110010000000000000
0000001100111000000000001110001000000000
0000001100111000000000001100000000000000
1111111111011000011100000000001000000000
0000001001101111111111110010000000000000
0000001011001000000000001110001000000000
0000001001101111111111110010000000000000
0000001011010000000000001110001000000000
0000001011001000011101000010000000000000
0000001011010000011101000010001000000000
0000001101101000000000001110001000000000
0000001101101000011101010010000000000000
0000001101110000000000001110001000000000
0000001001011000011101100010000000000000
0000001001011000011101100100000000000000
0000001101110000011101110010001000000000
0000001101101000011101110100010000000000
0000001101111000000000001110001000000000
0000001110000000000000001110010000000000
0000000001001000011110000010000000000000
0000000101001000011110000100000000000000
0000001101111000011110010010001000000000
0000001110000000011110010100010000000000
0000001110001000000000001110001000000000
0000001110010000000000001110010000000000
0000001110001000011110100010000000000000
0000000000010000011110110010001000000000
0000001110101000000000001110001000000000
0000001110010000011110100010000000000000
0000000000011000011110110010001000000000
0000001111000000000000001110001000000000
0000001111101000011111110010000000000000
0000001111100000100000000010001000000000
0000001111010000011111110011010000000000
0000001111001000100000000010001000000000
0000001110101000011111000010001000000000
0000001110100000011111010010001000000000
0000001110011000011111100010001000000000
0000001111011000000000001110001000000000
0000001111110000000000001111001000000000
0000010000011000011111110010000000000000
0000010000010000100000000010001000000000
0000010000000000011111110011010000000000
0000001111111000100000000010001000000000
0000001111000000011111000010001000000000
0000001110111000011111010010001000000000
0000001110110000011111100010001000000000
0000010000001000000000001110001000000000
0000010000100000000000001111001000000000
0000001111011000100000010010000000000000
0000010000111000000000001110001000000000
0000000000000000000000000000000000000000
0000010000001000100000100010000000000000
0000010001010000000000001110001000000000
0000000000000000000000000000000000000000
0000010001100000100000110010000000000000
0000010001011000100001000010001000000000
0000010000111000100001010010001000000000
0000010000110000100001100010001000000000
0000010000101000100001110010001000000000
0000010001101000000000001110001000000000
0000010001111000100000110010000000000000
0000010001110000100001000010001000000000
0000010001010000100001010010001000000000
0000010001001000100001100010001000000000
0000010001000000100001110010001000000000
0000010010000000000000001110001000000000
0000010010010000100010000010000000000000
0000010010001000100010010010001000000000
0000010001101000100010100010001000000000
0000010001100000100010110010001000000000
0000010001011000100011000010001000000000
0000010010011000000000001110001000000000
0000010010101000100010000010000000000000
0000010010100000100010010010001000000000
0000010010000000100010100010001000000000
0000010001111000100010110010001000000000
0000010001110000100011000010001000000000
0000010010110000000000001110001000000000
1111111111101000101100100010000000000000
0000010011111000000000001110001000000000
0000010011111101000010010010000000000000
0000010011111000000000001110001000000000
0000010011111000000000001100000000000000
0000010010011111111111110010000000000000
0000010100000000000000001110001000000000
0000010100000000000000001100000000000000
0000010100000111111111110010000000000000
0000010100100000000000001110001000000000
0000010100101000000000001111001000000000
0000010011001101000010000010000000000000
0000010011001000101011110010001001000000
0000010100101000101011110010001000000000
1111111111011000101101010000001000000000
0000010010111101000010000011010000000000
0000010010111000101011110010001001000000
0000010100100000101011111000001000000000
1111111111011000101101000000001000000000
0000010100100000101011110010001000000000
0000010011000000000000001110001000000000
0000010011010000000000001111001000000000
0000010100110000000000001111011000000000
0000010011101101000010000010000000001000
0000010011110000000000001110001000000000
0000010011011101000010000010000000000000
1111111111101000101100010010001001100111
0000010011100000000000001110001000000000
0000010100110101000010000010001001001000
0000010100110101000010000010000000000000
0000010011100000000000001110001000100111
1111111111101000101100000010000000000000
0000010011110000000000001110001000100111
0000010011110101000010000010000000001000
1111111111111101000010000010001001000000
0000010011110000000000001110001000100110
0000010011100101000110100010000000000000
0000010100111000000000001110001000000000
0000010101000000000000001111001000000000
0000010100111000000000001100000000000000
0000000000000000000000000000000000000000
0000000000000000000000000000000000000000
0000000000000000100011101010000100000000
1111111111100101000010000010000000000000
0000000000000000100011011010000100000000
1111111111100101000010000010001001000000
0000010100001000000000001110001000000000
0000010101000000000000001100000000000000
0000010100001111111111110010000000000000
1111111111100101000010000010001000000000
0000010100011000000000001110001000000000
0000010100011000000000001100000000000000
1111111111011000101101110000001000000000
0000010011111101000001110010000000000000
0000010011111000000000001110001000000000
0000010011111111111111110010000000000000
0000010100011000000000001110001000000000
1111111111101000101100100010000000000000
0000010110001000000000001110001000000000
0000010110001101000010010010000000000000
0000010110001000000000001110001000000000
0000010110001000000000001100000000000000
0000010010110111111111110010000000000000
0000010110010000000000001110001000000000
0000010110010000000000001100000000000000
0000010110010111111111110010000000000000
0000010110110000000000001110001000000000
0000010110111000000000001111001000000000
0000010101011101000010000010000000000000
0000010101011000101011110010001001000000
0000010110111000101011110010001000000000
1111111111011000101110010000001000000000
0000010101001101000010000011010000000000
0000010101001000101011110010001001000000
0000010110110000101011111000001000000000
1111111111011000101110000000001000000000
0000010110110000101011110010001000000000
0000010101010000000000001110001000000000
0000010101100000000000001111001000000000
0000010111000000000000001111011000000000
0000010101111101000010000010000000001000
0000010110000000000000001110001000000000
0000010101101101000010000010000000000000
1111111111101000101100010010001001100111
0000010101110000000000001110001000000000
0000010111000101000010000010001001001000
0000010111000101000010000010000000000000
0000010101110000000000001110001000100111
1111111111101000101100000010000000000000
0000010110000000000000001110001000100111
0000010110000101000010000010000000001000
1111111111111101000010000010001001000000
0000010110000000000000001110001000100110
0000010101110101000110100010000000000000
0000010111001000000000001110001000000000
0000010111010000000000001111001000000000
0000010111001000000000001100000000000000
0000000000000000000000000000000000000000
0000000000000000000000000000000000000000
0000000000000000100011101010000100000000
1111111111100101000010000010000000000000
0000000000000000100011011010000100000000
1111111111100101000010000010001001000000
0000010110011000000000001110001000000000
0000010111010000000000001100000000000000
0000010110011111111111110010000000000000
1111111111100101000010000010001000000000
0000010110101000000000001110001000000000
0000010110101000000000001100000000000000
1111111111011000101110110000001000000000
0000010110001101000001110010000000000000
0000010110001000000000001110001000000000
0000010110001111111111110010000000000000
0000010110101000000000001110001000000000
0000010100011101000010000100000000000000
0000010110101101000010000010010001001000
0000010110101101000010000010000000000000
0000010111011000000000001110001000010101
1111111111101000101100110100000000000000
1111111111101101000010000010000000001000
0000000000000000000000000000000000000000
0000010100011101000010000010000000000000
0000010111011101000010000010000000100011
0000010100011000000000001110001000000000
0000010100011000000000001100000000000000
0000010010011111111111110010000000000000
0000010111110000000000001110001000000000
1111111111101111111111110010000000000000
1111111111011000101101100000001000000000
0000010110101101000010000010000000000000
0000010111011101000010000010000000100011
0000010110101000000000001110001000000000
0000010110101000000000001100000000000000
0000010010110111111111110010000000000000
0000011000001000000000001110001000000000
1111111111101111111111110010000000000000
1111111111011000101110100000001000000000
0000011000011000101111000010000000000000
0000011000010000101111010010001000000000
0000010111110000101111100010001000000000
0000010111101000101111110010001000000000
0000010111100000110000000010001000000000
0000011000100000000000001110001000000000
0000011000110000101111000010000000000000
0000011000101000101111010010001000000000
0000011000001000101111100010001000000000
0000011000000000101111110010001000000000
0000010111111000110000000010001000000000
0000011000111000000000001110001000000000
0000011001001000110000010010000000000000
0000011001000000110000100010001000000000
0000011000100000110000110010001000000000
0000011000011000110001000010001000000000
0000011000010000110001010010001000000000
0000011001010000000000001110001000000000
0000011001100000110000010010000000000000
0000011001011000110000100010001000000000
0000011000111000110000110010001000000000
0000011000110000110001000010001000000000
0000011000101000110001010010001000000000
0000011001101000000000001110001000000000
0000011001010000110001100010000000000000
0000011001110000000000001110001000000000
0000000000000000000000000000000000000000
0000011001101000110001110010000000000000
0000011001111000000000001110001000000000
0000000000000000000000000000000000000000
1111111110000000111011100000000000000000
0000011001110101000010000010000000000000
0000011010100000000000001110001000000000
0000011001111101000010000010000000000000
0000100000001000000000001110001000000000
1111111011110000000000000000000000000000
1111111100000000000000000000000000000000
1111111101000000111010110000000000000000
1111111101101000111011010000000000000000
1111111011010011011011010000000000000000
0000000000000000000000000000000000000000
0000011010000000000000001110001000000000
1111111101000000111011000000000000000000
1111111101101000111011010000000000000000
1111111011010011011011010000000000000000
0000000000000000000000000000000000000000
0000011010001000000000001110001000000000
0000011010000000111011110010000000000000
0000100110001000000000001110001000000000
0000100110011000111100110010000000000000
0000100110010000111101010010001000000000
0000100110001000111100010010001000000000
0000100110000000111100100010001000000000
0000100101111000111101000010001000000000
0000100110100000000000001110001000000000
0000100110110000111110000010000000000000
0000100110101000111110100010001000000000
0000100110100000111101100010001000000000
0000100110011000111101110010001000000000
0000100110010000111110010010001000000000
0000100110111000000000001110001000000000
0000100101100000000000001110001000000000
0000011010000101000010000010000000000000
0000100111010000000000001110001000000000
0000100111100000111111010010000000000000
0000100111011000111111110010001000000000
0000100111010000111110110010001000000000
0000100111001000111111000010001000000000
0000100111000000111111100010001000000000
0000100111101000000000001110001000000000
0000100111111001000000100010000000000000
0000100111110001000001000010001000000000
0000100111101001000000000010001000000000
0000100111100001000000010010001000000000
0000100111011001000000110010001000000000
0000101000000000000000001110001000000000
0000101000010001000001110010000000000000
0000101000001001000010010010001000000000
0000101000000001000001010010001000000000
0000100111111001000001100010001000000000
0000100111110001000010000010001000000000
0000101000011000000000001110001000000000
0000101000101001000011000010000000000000
0000101000100001000011100010001000000000
0000101000011001000010100010001000000000
0000101000010001000010110010001000000000
0000101000001001000011010010001000000000
0000101000110000000000001110001000000000
0000100101101000000000001110001000000000
0000011010000000111100000010000000000000
0000101001001000000000001110001000000000
0000101001011001000100010010000000000000
0000101001010001000100110010001000000000
0000101001001001000011110010001000000000
0000101001000001000100000010001000000000
0000101000111001000100100010001000000000
0000101001100000000000001110001000000000
0000101001110001000101100010000000000000
0000101001101001000110000010001000000000
0000101001100001000101000010001000000000
0000101001011001000101010010001000000000
0000101001010001000101110010001000000000
0000101001111000000000001110001000000000
0000100101110000000000001110001000000000
0000011010001001000110010010000000000000
0000101010101000000000001110001000000000
0000101010111001000111010010000000000000
0000101010110001000111110010001000000000
0000101010101001000110110010001000000000
0000101010100001000111000010001000000000
0000101010011001000111100010001000000000
0000101011000000000000001110001000000000
0000101011010001001000100010000000000000
0000101011001001001001000010001000000000
0000101011000001001000000010001000000000
0000101010111001001000010010001000000000
0000101010110001001000110010001000000000
0000101011011000000000001110001000000000
0000101010000000000000001110001000000000
0000011010001101000010000010000000000000
0000101011110000000000001110001000000000
0000101100000001001001110010000000000000
0000101011111001001010010010001000000000
0000101011110001001001010010001000000000
0000101011101001001001100010001000000000
0000101011100001001010000010001000000000
0000101100001000000000001110001000000000
0000101100011001001011000010000000000000
0000101100010001001011100010001000000000
0000101100001001001010100010001000000000
0000101100000001001010110010001000000000
0000101011111001001011010010001000000000
0000101100100000000000001110001000000000
0000101100110001001100010010000000000000
0000101100101001001100110010001000000000
0000101100100001001011110010001000000000
0000101100011001001100000010001000000000
0000101100010001001100100010001000000000
0000101100111000000000001110001000000000
0000101101001001001101100010000000000000
0000101101000001001110000010001000000000
0000101100111001001101000010001000000000
0000101100110001001101010010001000000000
0000101100101001001101110010001000000000
0000101101010000000000001110001000000000
0000101010001000000000001110001000000000
0000011010001001000110100010000000000000
0000101101101000000000001110001000000000
0000101101111001001110110010000000000000
0000101101110001001111010010001000000000
0000101101101001001110010010001000000000
0000101101100001001110100010001000000000
0000101101011001001111000010001000000000
0000101110000000000000001110001000000000
0000101110010001010000000010000000000000
0000101110001001010000100010001000000000
0000101110000001001111100010001000000000
0000101101111001001111110010001000000000
0000101101110001010000010010001000000000
0000101110011000000000001110001000000000
0000101010010000000000001110001000000000
1111111111101001011010000010000000000000
0000101111110000000000001110001000000000
0000101111110101000010010010000000000000
0000101111110000000000001110001000000000
0000101111110000000000001100000000000000
0000100101100111111111110010000000000000
0000101111111000000000001110001000000000
0000101111111000000000001100000000000000
0000101111111111111111110010000000000000
0000110000011000000000001110001000000000
0000110000100000000000001111001000000000
0000101111000101000010000010000000000000
0000101111000001011001010010001001000000
0000110000100001011001010010001000000000
1111111111011001011010110000001000000000
0000101110110101000010000011010000000000
0000101110110001011001010010001001000000
0000110000011001011001011000001000000000
1111111111011001011010100000001000000000
0000110000011001011001010010001000000000
0000101110111000000000001110001000000000
0000101111001000000000001111001000000000
0000110000101000000000001111011000000000
0000101111100101000010000010000000001000
0000101111101000000000001110001000000000
0000101111010101000010000010000000000000
1111111111101001011001110010001001100111
0000101111011000000000001110001000000000
0000110000101101000010000010001001001000
0000110000101101000010000010000000000000
0000101111011000000000001110001000100111
1111111111101001011001100010000000000000
0000101111101000000000001110001000100111
0000101111101101000010000010000000001000
1111111111111101000010000010001001000000
0000101111101000000000001110001000100110
0000101111011101000110100010000000000000
0000110000110000000000001110001000000000
0000110000111000000000001111001000000000
0000110000110000000000001100000000000000
0000000000000000000000000000000000000000
0000000000000000000000000000000000000000
0000000000000001010001001010000100000000
1111111111100101000010000010000000000000
0000000000000001010000111010000100000000
1111111111100101000010000010001001000000
0000110000000000000000001110001000000000
0000110000111000000000001100000000000000
0000110000000111111111110010000000000000
1111111111100101000010000010001000000000
0000110000010000000000001110001000000000
0000110000010000000000001100000000000000
1111111111011001011011010000001000000000
0000101111110101000001110010000000000000
0000101111110000000000001110001000000000
0000101111110111111111110010000000000000
0000110000010000000000001110001000000000
1111111111101001011010000010000000000000
0000110010000000000000001110001000000000
0000110010000101000010010010000000000000
0000110010000000000000001110001000000000
0000110010000000000000001100000000000000
0000101010000111111111110010000000000000
0000110010001000000000001110001000000000
0000110010001000000000001100000000000000
0000110010001111111111110010000000000000
0000110010101000000000001110001000000000
0000110010110000000000001111001000000000
0000110001010101000010000010000000000000
0000110001010001011001010010001001000000
0000110010110001011001010010001000000000
1111111111011001011011110000001000000000
0000110001000101000010000011010000000000
0000110001000001011001010010001001000000
0000110010101001011001011000001000000000
1111111111011001011011100000001000000000
0000110010101001011001010010001000000000
0000110001001000000000001110001000000000
0000110001011000000000001111001000000000
0000110010111000000000001111011000000000
0000110001110101000010000010000000001000
0000110001111000000000001110001000000000
0000110001100101000010000010000000000000
1111111111101001011001110010001001100111
0000110001101000000000001110001000000000
0000110010111101000010000010001001001000
0000110010111101000010000010000000000000
0000110001101000000000001110001000100111
1111111111101001011001100010000000000000
0000110001111000000000001110001000100111
0000110001111101000010000010000000001000
1111111111111101000010000010001001000000
0000110001111000000000001110001000100110
0000110001101101000110100010000000000000
0000110011000000000000001110001000000000
0000110011001000000000001111001000000000
0000110011000000000000001100000000000000
0000000000000000000000000000000000000000
0000000000000000000000000000000000000000
0000000000000001010001001010000100000000
1111111111100101000010000010000000000000
0000000000000001010000111010000100000000
1111111111100101000010000010001001000000
0000110010010000000000001110001000000000
0000110011001000000000001100000000000000
0000110010010111111111110010000000000000
1111111111100101000010000010001000000000
0000110010100000000000001110001000000000
0000110010100000000000001100000000000000
1111111111011001011100010000001000000000
0000110010000101000001110010000000000000
0000110010000000000000001110001000000000
0000110010000111111111110010000000000000
0000110010100000000000001110001000000000
0000110000010101000010000100000000000000
0000110010100101000010000010010001001000
0000110010100101000010000010000000000000
0000110011010000000000001110001000010101
1111111111101001011010010100000000000000
1111111111101101000010000010000000001000
0000000000000000000000000000000000000000
0000110000010101000010000010000000000000
0000110011010101000010000010000000100011
0000110000010000000000001110001000000000
0000110000010000000000001100000000000000
0000100101100111111111110010000000000000
0000101110100000000000001110001000000000
1111111111101111111111110010000000000000
1111111111011001011011000000001000000000
0000110010100101000010000010000000000000
0000110011010101000010000010000000100011
0000110010100000000000001110001000000000
0000110010100000000000001100000000000000
0000101010000111111111110010000000000000
0000101110101000000000001110001000000000
1111111111101111111111110010000000000000
1111111111011001011100000000001000000000
0000100101110101000010010010000000000000
0000101010010101000010010010001000000000
0000110101101000000000001110001000000000
0000110101101000000000001100000000000000
0000110101101111111111110010000000000000
0000110110000000000000001110001000000000
0000110110001000000000001111001000000000
0000110100001101000010000010000000000000
0000110100001001100101000010001001000000
0000110110001001100101000010001000000000
0000110011111101000010000011010000000000
0000110011111001100101000010001001000000
0000110110000001100101000010001000000000
1111111111011001100110010000001000000000
0000110100000000000000001110001000000000
0000110100010000000000001111001000000000
0000110100111101000010000010000000000000
0000110100111001100101010010001001000000
0000110110001001100101010010001000000000
0000110100101101000010000011010000000000
0000110100101001100101010010001001000000
0000110110000001100101011000001000000000
0000110110000001100101010010001000000000
0000110100110000000000001110001000000000
0000110101000000000000001111001000000000
0000110110010000000000001111011000000000
0000110101011101000010000010000000001000
0000110101100000000000001110001000000000
0000110101001101000010000010000000000000
1111111111101001100110000010001001100111
0000110101010000000000001110001000000000
0000110110010101000010000010001001001000
0000110110010101000010000010000000000000
0000110101010000000000001110001000100111
1111111111101001100101110010000000000000
0000110101100000000000001110001000100111
0000110101100101000010000010000000001000
1111111111111101000010000010001001000000
0000110101100000000000001110001000100110
0000110101010101000110100010000000000000
0000110110011000000000001110001000000000
0000110110100000000000001111001000000000
0000110110011000000000001100000000000000
0000000000000000000000000000000000000000
0000000000000000000000000000000000000000
0000000000000001011100111010000100000000
1111111111100101000010000010000000000000
0000000000000001011100101010000100000000
1111111111100101000010000010001001000000
0000110101110000000000001110001000000000
0000110110100000000000001100000000000000
0000110101110111111111110010000000000000
1111111111100101000010000010001000000000
0000110101111000000000001110001000000000
0000110101111000000000001100000000000000
0000100101110111111111110010000000000000
0000001011000000000000001110001000000000
0000110100011000000000001110001000000000
0000001011000001100101100010000000000000
0000001011000000000000001110001000000000
0000001011000001100101100010000000000000
0000110011011000000000001110001000000000
0000101010010111111111110010000000000000
0000001011000000000000001110001000000000
0000110100100000000000001110001000000000
0000001011000001100101100010000000000000
0000001011000000000000001110001000000000
0000001011000001100101100010000000000000
0000110011100000000000001110001000000000
1111111111101111111111110010000000000000
0000110011110000000000001110001000000000
0000110100011101000010010010000000000000
0000110100100101000010010010001000000000
0000110101101000000000001110001000000000
0000110101101000000000001100000000000000
0000110101101111111111110010000000000000
0000110110000000000000001110001000000000
0000110110001000000000001111001000000000
0000110011110101000010000010000000000000
0000110011101000000000001110001000000000
1111111111011001100110100000001000000000
0000101110100001100110110010000000000000
0000101110101001100110110100000000000000
0000100101101001100111000010001000000000
0000101010001001100111000100010000000000
0000110011011001100111010010001000000000
0000110011100001100111010100010000000000
0000110110101000000000001110001000000000
0000110110110000000000001110010000000000
0000110110101001100111100010000000000000
0000110110111000000000001110001000000000
0000000000000000000000000000000000000000
0000110110110001100111110010000000000000
0000110111000000000000001110001000000000
0000000000000000000000000000000000000000
0000001001001001101000000010000000000000
0000110110111001101000010010001000000000
0000001110101001101000100010001000000000
0000110111001000000000001110001000000000
0000001001010001101000000010000000000000
0000110111000001101000010010001000000000
0000001111000001101000100010001000000000
0000110111010000000000001110001000000000
0000110111001101000010000010000000000000
1111110101100000000000001110001000000000
0000110111010101000010000010000000000000
1111110101101000000000001110001000000000
0000000000000000000000000000000000000000
1111111000110000000000000000000000000000
0000000000000000000000000000000000000000
1111111011000000000011110000000000000000
0000000000000000000000000000000000000000
1111111001011000000000000000000000000000
0000000000000111110010110000000000000000
1111111011101011011010000000000000000000
1111111000100111110001100010000000000000
1111111000100111110001100010001000000000
1111111000100111110001100010001000000000
1111111000100111110001100010001000000000
1111111001010111110001100010001000000000
1111111000111000000000001110001000000000
1111111011111000000000000000000000000000
1111111100001000000000000000000000000000
1111111011011000000000000000000000000000
0000000000000000000000000000000000000000
1111111001011000000000000000000000000000
0000000000000111110010110000000000000000
1111111011101011011110000000000000000000
1111111000110111110001100010000000000000
1111111000001111110000010010001000000000
1111111000110111110001100011010000000000
1111111000110111110001100010001000000000
1111111001001111110001100010001000000000
1111111000110111110001100010001000000000
1111111000011111110010010010001000000000
1111111001000000000000001111001000000000
1111111000110000000000001110001000000000
1111111011111000000000000000000000000000
1111111100001000000000000000000000000000
1111111011011000000000000000000000000000
0000000000000000000000000000000000000000
