0000000000000000000000000000000000000000
1111111011100000000000000000000000000000
1111111100110100000000000000000000000000
1111111100101100000000000000000000000000
1111111101010100000000000000000000000000
1111111101011100000000000000000000000000
1111111111110101000010000010000000000000
1111111100111000000000000000000000000000
1111111110000000000000000000000000000000
0000000000000000000000000000000000000000
0000000000000000000000000000000000000000
1111111011101000000011000000000000000000
1111111000110000000000001110001000000000
0000000000000000000000000000000000000000
0000000000000000000000000000000000000000
0000000000000000000000000000000000000000
0000000000000000000000000000000000000000
0000000000000000000000000000000000000000
0000000000000000000000000000000000000000
1111111111101000000001110010000000001000
0000000000000000000001101010000000000000
1111111111100000000000001100000000000000
1111111110000000000001110000000000000000
0000000000000000000000000000000000000000
1111111100000000000000000000000000000000
1111111011000000001000100000000000100111
0000000000000000000000000000000000000000
1111111011101000000111100000000000000000
1111111111101000000000010010000000000000
1111111111011000000000010000001100000000
0000000000000111110001100000000000000000
1111111100001000000000000000000000000000
1111111111110100000000000010000000000000
1111111111011000000001110000001000000000
1111110110100101000010000010000000000000
0000000000000000000000001110001000000000
1111110110101101000010000010000000000000
0000000000001000000000001110001000000000
0000000000001101000011000010000000000000
0000000010000000000000001110001000000000
0000000010000000000000001100000000000000
0000000010000111111111110010000000000000
0000000000000101000011000100000000000000
0000000010001000000000001110010000000000
0000000010001000000000001100000000000000
0000000010001111111111110100000000001000
0000000000000000000000000000000000000000
0000000010001111111111110010000000100011
0000000010100000000000001110001000000000
0000000000001000000000001100000000000000
0000000000001111111111110010000000000000
0000000000000000000000001100000000000000
0000000000000111111111110100000000001000
0000000000000000000000000000000000000000
0000000000000111111111110010000000100011
0000000010010000000000001110001000000000
0000000010011000000000001111001000000000
1111111111101101000001110100000000001000
1111111111110101000010000100001000000000
0000000010100101000010000010000000000000
1111111111110101000010000010010000100011
0000000001111000000000001110001000000000
0000000001110000000000001111001000000000
0000000001110101000010100010000000000000
0000000001111101000010100011010000000000
1111111111110101000010001000001000000000
1111111111101101000010100010000000000000
1111111111110101000010000100001000000000
0000000010101000000000001111011000000000
0000000010101101000010000010001000000000
0000000001011000000000001110001000000000
0000000001011000000000001111011000100011
0000000000110101000010000010000000001000
0000000000111000000000001110001000000000
0000000000100101000010000010000000000000
1111111111101000001101100010001001100111
0000000000101000000000001110001000000000
0000000001011101000010000010001001001000
0000000001011101000010000010000000000000
0000000000101000000000001110001000100111
1111111111101000001101010010000000000000
0000000000111000000000001110001000100111
0000000000111101000010000010000000001000
1111111111111101000010000010001001000000
0000000000111000000000001110001000100110
0000000000101101000110100010000000000000
0000000001100000000000001110001000000000
0000000001101000000000001111001000000000
0000000001100000000000001100000000000000
0000000000000000000000000000000000000000
0000000000000000000000000000000000000000
0000000001100101000010000010000000000000
1111111111011000001101110000001000000000
0000000001101101000010000010000000000000
1111111111011000001110000000001000000000
0000000000000000000010011010000100000000
1111111111100101000010000010000000000000
0000000000000000000010001010000100000000
1111111111100101000010000010001001000000
0000000001000000000000001110001000000000
0000000001101000000000001100000000000000
0000000001000111111111110010000000000000
1111111111100101000010000010001000000000
0000000001010000000000001110001000000000
0000000001010000000000001100000000000000
1111111111011000001110010000001000000000
0000000000000111111111110010000000000000
0000000000010000000000001110001000000000
0000000000001111111111110010000000000000
0000000000011000000000001110001000000000
0000000000010000001110100010000000000000
0000000011000000000000001110001000000000
0000000000000000000000000000000000000000
0000000000011000001110110010000000000000
0000000011011000000000001110001000000000
0000000000000000000000000000000000000000
0000000100000000001111110010000000000000
0000000011111000010000000010001000000000
0000000011101000001111110011010000000000
0000000011100000010000000010001000000000
0000000011000000001111000010001000000000
0000000010111000001111010010001000000000
0000000010110000001111100010001000000000
0000000011110000000000001110001000000000
0000000100001000000000001111001000000000
0000000100110000001111110010000000000000
0000000100101000010000000010001000000000
0000000100011000001111110011010000000000
0000000100010000010000000010001000000000
0000000011011000001111000010001000000000
0000000011010000001111010010001000000000
0000000011001000001111100010001000000000
0000000100100000000000001110001000000000
0000000100111000000000001111001000000000
0000000000010000010000010010000000000000
0000000101000000000000001110001000000000
0000000000000000000000000000000000000000
0000000000011000010000100010000000000000
0000000101001000000000001110001000000000
0000000000000000000000000000000000000000
1111111111101000011010000010000000000000
0000000110010000000000001110001000000000
0000000110010101000010010010000000000000
0000000110010000000000001110001000000000
0000000110010000000000001100000000000000
0000000011110111111111110010000000000000
0000000110011000000000001110001000000000
0000000110011000000000001100000000000000
0000000110011111111111110010000000000000
0000000110111000000000001110001000000000
0000000111000000000000001111001000000000
0000000101100101000010000010000000000000
0000000101100000011001010010001001000000
0000000111000000011001010010001000000000
1111111111011000011010110000001000000000
0000000101010101000010000011010000000000
0000000101010000011001010010001001000000
0000000110111000011001011000001000000000
1111111111011000011010100000001000000000
0000000110111000011001010010001000000000
0000000101011000000000001110001000000000
0000000101101000000000001111001000000000
0000000111001000000000001111011000000000
0000000110000101000010000010000000001000
0000000110001000000000001110001000000000
0000000101110101000010000010000000000000
1111111111101000011001110010001001100111
0000000101111000000000001110001000000000
0000000111001101000010000010001001001000
0000000111001101000010000010000000000000
0000000101111000000000001110001000100111
1111111111101000011001100010000000000000
0000000110001000000000001110001000100111
0000000110001101000010000010000000001000
1111111111111101000010000010001001000000
0000000110001000000000001110001000100110
0000000101111101000110100010000000000000
0000000111010000000000001110001000000000
0000000111011000000000001111001000000000
0000000111010000000000001100000000000000
0000000000000000000000000000000000000000
0000000000000000000000000000000000000000
0000000000000000010001001010000100000000
1111111111100101000010000010000000000000
0000000000000000010000111010000100000000
1111111111100101000010000010001001000000
0000000110100000000000001110001000000000
0000000111011000000000001100000000000000
0000000110100111111111110010000000000000
1111111111100101000010000010001000000000
0000000110110000000000001110001000000000
0000000110110000000000001100000000000000
1111111111011000011011010000001000000000
0000000110010101000001110010000000000000
0000000110010000000000001110001000000000
0000000110010111111111110010000000000000
0000000110110000000000001110001000000000
1111111111101000011010000010000000000000
0000001000100000000000001110001000000000
0000001000100101000010010010000000000000
0000001000100000000000001110001000000000
0000001000100000000000001100000000000000
0000000100100111111111110010000000000000
0000001000101000000000001110001000000000
0000001000101000000000001100000000000000
0000001000101111111111110010000000000000
0000001001001000000000001110001000000000
0000001001010000000000001111001000000000
0000000111110101000010000010000000000000
0000000111110000011001010010001001000000
0000001001010000011001010010001000000000
1111111111011000011011110000001000000000
0000000111100101000010000011010000000000
0000000111100000011001010010001001000000
0000001001001000011001011000001000000000
1111111111011000011011100000001000000000
0000001001001000011001010010001000000000
0000000111101000000000001110001000000000
0000000111111000000000001111001000000000
0000001001011000000000001111011000000000
0000001000010101000010000010000000001000
0000001000011000000000001110001000000000
0000001000000101000010000010000000000000
1111111111101000011001110010001001100111
0000001000001000000000001110001000000000
0000001001011101000010000010001001001000
0000001001011101000010000010000000000000
0000001000001000000000001110001000100111
1111111111101000011001100010000000000000
0000001000011000000000001110001000100111
0000001000011101000010000010000000001000
1111111111111101000010000010001001000000
0000001000011000000000001110001000100110
0000001000001101000110100010000000000000
0000001001100000000000001110001000000000
0000001001101000000000001111001000000000
0000001001100000000000001100000000000000
0000000000000000000000000000000000000000
0000000000000000000000000000000000000000
0000000000000000010001001010000100000000
1111111111100101000010000010000000000000
0000000000000000010000111010000100000000
1111111111100101000010000010001001000000
0000001000110000000000001110001000000000
0000001001101000000000001100000000000000
0000001000110111111111110010000000000000
1111111111100101000010000010001000000000
0000001001000000000000001110001000000000
0000001001000000000000001100000000000000
1111111111011000011100010000001000000000
0000001000100101000001110010000000000000
0000001000100000000000001110001000000000
0000001000100111111111110010000000000000
0000001001000000000000001110001000000000
0000000110110101000010000100000000000000
0000001001000101000010000010010001001000
0000001001000101000010000010000000000000
0000001001110000000000001110001000010101
1111111111101000011010010100000000000000
1111111111101101000010000010000000001000
0000000000000000000000000000000000000000
0000000110110101000010000010000000000000
0000001001110101000010000010000000100011
0000000110110000000000001110001000000000
0000000110110000000000001100000000000000
0000000011110111111111110010000000000000
0000001010001000000000001110001000000000
1111111111101111111111110010000000000000
1111111111011000011011000000001000000000
0000001001000101000010000010000000000000
0000001001110101000010000010000000100011
0000001001000000000000001110001000000000
0000001001000000000000001100000000000000
0000000100100111111111110010000000000000
0000001010100000000000001110001000000000
1111111111101111111111110010000000000000
1111111111011000011100000000001000000000
0000001011001000011101010010000000000000
0000001011000000011101100010001000000000
0000001010110000011101010011010000000000
0000001010101000011101100010001000000000
0000001010001000011100100010001000000000
0000001010000000011100110010001000000000
0000001001111000011101000010001000000000
0000001010111000000000001110001000000000
0000001011010000000000001111001000000000
0000001011111000011101010010000000000000
0000001011110000011101100010001000000000
0000001011100000011101010011010000000000
0000001011011000011101100010001000000000
0000001010100000011100100010001000000000
0000001010011000011100110010001000000000
0000001010010000011101000010001000000000
0000001011101000000000001110001000000000
0000001100000000000000001111001000000000
0000001100101000011110100010000000000000
0000001100100000011110110010001000000000
0000001100010000011110100011010000000000
0000001100001000011110110010001000000000
0000001010111000011101110010001000000000
0000001010110000011110000010001000000000
0000001010101000011110010010001000000000
0000001100011000000000001110001000000000
0000001100110000000000001111001000000000
0000001101011000011110100010000000000000
0000001101010000011110110010001000000000
0000001101000000011110100011010000000000
0000001100111000011110110010001000000000
0000001011101000011101110010001000000000
0000001011100000011110000010001000000000
0000001011011000011110010010001000000000
0000001101001000000000001110001000000000
0000001101100000000000001111001000000000
0000001100011000011111000010000000000000
0000001101101000000000001110001000000000
0000000000000000000000000000000000000000
0000001101001000011111010010000000000000
0000001101110000000000001110001000000000
0000000000000000000000000000000000000000
1111111110000000100101010000000000000000
0000001101101101000010000010000000000000
0000001110011000000000001110001000000000
0000001101110101000010000010000000000000
0000010001110000000000001110001000000000
1111111011110000000000000000000000000000
1111111100000000000000000000000000000000
1111111101000000100100100000000000000000
1111111101101000100101000000000000000000
1111111011010010110110010000000000000000
0000000000000000000000000000000000000000
0000001101111000000000001110001000000000
1111111101000000100100110000000000000000
1111111101101000100101000000000000000000
1111111011010010110110010000000000000000
0000000000000000000000000000000000000000
0000001110000000000000001110001000000000
0000001101111000100101100010000000000000
0000010101011000000000001110001000000000
0000010110000000100110010010000000000000
0000010101111000100110110010001000000000
0000010101101000100110010011010000000000
0000010101100000100110110010001000000000
0000010101011000100101110010001000000000
0000010101010000100110000010001000000000
0000010101001000100110100010001000000000
0000010101110000000000001110001000000000
0000010110001000000000001111001000000000
0000010110110000100111100010000000000000
0000010110101000101000000010001000000000
0000010110011000100111100011010000000000
0000010110010000101000000010001000000000
0000010101110000100111000010001000000000
0000010101101000100111010010001000000000
0000010101100000100111110010001000000000
0000010110100000000000001110001000000000
0000010100111000000000001110001000000000
0000010110111000000000001111001000000000
0000001101111101000010000010000000000000
0000010111010000000000001110001000000000
0000010111111000101000110010000000000000
0000010111110000101001010010001000000000
0000010111100000101000110011010000000000
0000010111011000101001010010001000000000
0000010111010000101000010010001000000000
0000010111001000101000100010001000000000
0000010111000000101001000010001000000000
0000010111101000000000001110001000000000
0000011000000000000000001111001000000000
0000011000101000101010000010000000000000
0000011000100000101010100010001000000000
0000011000010000101010000011010000000000
0000011000001000101010100010001000000000
0000010111101000101001100010001000000000
0000010111100000101001110010001000000000
0000010111011000101010010010001000000000
0000011000011000000000001110001000000000
0000010101000000000000001110001000000000
0000011000110000000000001111001000000000
0000001110000000101010110010000000000000
0000011001011000000000001110001000000000
0000011010000000101011100010000000000000
0000011001111000101100000010001000000000
0000011001101000101011100011010000000000
0000011001100000101100000010001000000000
0000011001011000101011000010001000000000
0000011001010000101011010010001000000000
0000011001001000101011110010001000000000
0000011001110000000000001110001000000000
0000011010001000000000001111001000000000
0000011010110000101100110010000000000000
0000011010101000101101010010001000000000
0000011010011000101100110011010000000000
0000011010010000101101010010001000000000
0000011001110000101100010010001000000000
0000011001101000101100100010001000000000
0000011001100000101101000010001000000000
0000011010100000000000001110001000000000
0000011000111000000000001110001000000000
0000011010111000000000001111001000000000
0000001110000101000010000010000000000000
0000011011010000000000001110001000000000
0000011011111000101110000010000000000000
0000011011110000101110100010001000000000
0000011011100000101110000011010000000000
0000011011011000101110100010001000000000
0000011011010000101101100010001000000000
0000011011001000101101110010001000000000
0000011011000000101110010010001000000000
0000011011101000000000001110001000000000
0000011100000000000000001111001000000000
0000011100101000101111010010000000000000
0000011100100000101111110010001000000000
0000011100010000101111010011010000000000
0000011100001000101111110010001000000000
0000011011101000101110110010001000000000
0000011011100000101111000010001000000000
0000011011011000101111100010001000000000
0000011100011000000000001110001000000000
0000011001000000000000001110001000000000
0000011100110000000000001111001000000000
1111111111101000111001010010000000000000
0000011110001000000000001110001000000000
0000011110001101000010010010000000000000
0000011110001000000000001110001000000000
0000011110001000000000001100000000000000
0000010100111111111111110010000000000000
0000011110010000000000001110001000000000
0000011110010000000000001100000000000000
0000011110010111111111110010000000000000
0000011110110000000000001110001000000000
0000011110111000000000001111001000000000
0000011101011101000010000010000000000000
0000011101011000111000100010001001000000
0000011110111000111000100010001000000000
1111111111011000111010000000001000000000
0000011101001101000010000011010000000000
0000011101001000111000100010001001000000
0000011110110000111000101000001000000000
1111111111011000111001110000001000000000
0000011110110000111000100010001000000000
0000011101010000000000001110001000000000
0000011101100000000000001111001000000000
0000011111000000000000001111011000000000
0000011101111101000010000010000000001000
0000011110000000000000001110001000000000
0000011101101101000010000010000000000000
1111111111101000111001000010001001100111
0000011101110000000000001110001000000000
0000011111000101000010000010001001001000
0000011111000101000010000010000000000000
0000011101110000000000001110001000100111
1111111111101000111000110010000000000000
0000011110000000000000001110001000100111
0000011110000101000010000010000000001000
1111111111111101000010000010001001000000
0000011110000000000000001110001000100110
0000011101110101000110100010000000000000
0000011111001000000000001110001000000000
0000011111010000000000001111001000000000
0000011111001000000000001100000000000000
0000000000000000000000000000000000000000
0000000000000000000000000000000000000000
0000000000000000110000011010000100000000
1111111111100101000010000010000000000000
0000000000000000110000001010000100000000
1111111111100101000010000010001001000000
0000011110011000000000001110001000000000
0000011111010000000000001100000000000000
0000011110011111111111110010000000000000
1111111111100101000010000010001000000000
0000011110101000000000001110001000000000
0000011110101000000000001100000000000000
1111111111011000111010100000001000000000
0000011110001101000001110010000000000000
0000011110001000000000001110001000000000
0000011110001111111111110010000000000000
0000011110101000000000001110001000000000
1111111111101000111001010010000000000000
0000100000011000000000001110001000000000
0000100000011101000010010010000000000000
0000100000011000000000001110001000000000
0000100000011000000000001100000000000000
0000011000111111111111110010000000000000
0000100000100000000000001110001000000000
0000100000100000000000001100000000000000
0000100000100111111111110010000000000000
0000100001000000000000001110001000000000
0000100001001000000000001111001000000000
0000011111101101000010000010000000000000
0000011111101000111000100010001001000000
0000100001001000111000100010001000000000
1111111111011000111011000000001000000000
0000011111011101000010000011010000000000
0000011111011000111000100010001001000000
0000100001000000111000101000001000000000
1111111111011000111010110000001000000000
0000100001000000111000100010001000000000
0000011111100000000000001110001000000000
0000011111110000000000001111001000000000
0000100001010000000000001111011000000000
0000100000001101000010000010000000001000
0000100000010000000000001110001000000000
0000011111111101000010000010000000000000
1111111111101000111001000010001001100111
0000100000000000000000001110001000000000
0000100001010101000010000010001001001000
0000100001010101000010000010000000000000
0000100000000000000000001110001000100111
1111111111101000111000110010000000000000
0000100000010000000000001110001000100111
0000100000010101000010000010000000001000
1111111111111101000010000010001001000000
0000100000010000000000001110001000100110
0000100000000101000110100010000000000000
0000100001011000000000001110001000000000
0000100001100000000000001111001000000000
0000100001011000000000001100000000000000
0000000000000000000000000000000000000000
0000000000000000000000000000000000000000
0000000000000000110000011010000100000000
1111111111100101000010000010000000000000
0000000000000000110000001010000100000000
1111111111100101000010000010001001000000
0000100000101000000000001110001000000000
0000100001100000000000001100000000000000
0000100000101111111111110010000000000000
1111111111100101000010000010001000000000
0000100000111000000000001110001000000000
0000100000111000000000001100000000000000
1111111111011000111011100000001000000000
0000100000011101000001110010000000000000
0000100000011000000000001110001000000000
0000100000011111111111110010000000000000
0000100000111000000000001110001000000000
0000011110101101000010000100000000000000
0000100000111101000010000010010001001000
0000100000111101000010000010000000000000
0000100001101000000000001110001000010101
1111111111101000111001100100000000000000
1111111111101101000010000010000000001000
0000000000000000000000000000000000000000
0000011110101101000010000010000000000000
0000100001101101000010000010000000100011
0000011110101000000000001110001000000000
0000011110101000000000001100000000000000
0000010100111111111111110010000000000000
0000011100111000000000001110001000000000
1111111111101111111111110010000000000000
1111111111011000111010010000001000000000
0000100000111101000010000010000000000000
0000100001101101000010000010000000100011
0000100000111000000000001110001000000000
0000100000111000000000001100000000000000
0000011000111111111111110010000000000000
0000011101000000000000001110001000000000
1111111111101111111111110010000000000000
1111111111011000111011010000001000000000
1111111111101001000101000010000000000000
0000100011000000000000001110001000000000
0000100011000101000010010010000000000000
0000100011000000000000001110001000000000
0000100011000000000000001100000000000000
0000010101000111111111110010000000000000
0000100011001000000000001110001000000000
0000100011001000000000001100000000000000
0000100011001111111111110010000000000000
0000100011101000000000001110001000000000
0000100011110000000000001111001000000000
0000100010010101000010000010000000000000
0000100010010001000100010010001001000000
0000100011110001000100010010001000000000
1111111111011001000101110000001000000000
0000100010000101000010000011010000000000
0000100010000001000100010010001001000000
0000100011101001000100011000001000000000
1111111111011001000101100000001000000000
0000100011101001000100010010001000000000
0000100010001000000000001110001000000000
0000100010011000000000001111001000000000
0000100011111000000000001111011000000000
0000100010110101000010000010000000001000
0000100010111000000000001110001000000000
0000100010100101000010000010000000000000
1111111111101001000100110010001001100111
0000100010101000000000001110001000000000
0000100011111101000010000010001001001000
0000100011111101000010000010000000000000
0000100010101000000000001110001000100111
1111111111101001000100100010000000000000
0000100010111000000000001110001000100111
0000100010111101000010000010000000001000
1111111111111101000010000010001001000000
0000100010111000000000001110001000100110
0000100010101101000110100010000000000000
0000100100000000000000001110001000000000
0000100100001000000000001111001000000000
0000100100000000000000001100000000000000
0000000000000000000000000000000000000000
0000000000000000000000000000000000000000
0000000000000000111100001010000100000000
1111111111100101000010000010000000000000
0000000000000000111011111010000100000000
1111111111100101000010000010001001000000
0000100011010000000000001110001000000000
0000100100001000000000001100000000000000
0000100011010111111111110010000000000000
1111111111100101000010000010001000000000
0000100011100000000000001110001000000000
0000100011100000000000001100000000000000
1111111111011001000110010000001000000000
0000100011000101000001110010000000000000
0000100011000000000000001110001000000000
0000100011000111111111110010000000000000
0000100011100000000000001110001000000000
1111111111101001000101000010000000000000
0000100101010000000000001110001000000000
0000100101010101000010010010000000000000
0000100101010000000000001110001000000000
0000100101010000000000001100000000000000
0000011001000111111111110010000000000000
0000100101011000000000001110001000000000
0000100101011000000000001100000000000000
0000100101011111111111110010000000000000
0000100101111000000000001110001000000000
0000100110000000000000001111001000000000
0000100100100101000010000010000000000000
0000100100100001000100010010001001000000
0000100110000001000100010010001000000000
1111111111011001000110110000001000000000
0000100100010101000010000011010000000000
0000100100010001000100010010001001000000
0000100101111001000100011000001000000000
1111111111011001000110100000001000000000
0000100101111001000100010010001000000000
0000100100011000000000001110001000000000
0000100100101000000000001111001000000000
0000100110001000000000001111011000000000
0000100101000101000010000010000000001000
0000100101001000000000001110001000000000
0000100100110101000010000010000000000000
1111111111101001000100110010001001100111
0000100100111000000000001110001000000000
0000100110001101000010000010001001001000
0000100110001101000010000010000000000000
0000100100111000000000001110001000100111
1111111111101001000100100010000000000000
0000100101001000000000001110001000100111
0000100101001101000010000010000000001000
1111111111111101000010000010001001000000
0000100101001000000000001110001000100110
0000100100111101000110100010000000000000
0000100110010000000000001110001000000000
0000100110011000000000001111001000000000
0000100110010000000000001100000000000000
0000000000000000000000000000000000000000
0000000000000000000000000000000000000000
0000000000000000111100001010000100000000
1111111111100101000010000010000000000000
0000000000000000111011111010000100000000
1111111111100101000010000010001001000000
0000100101100000000000001110001000000000
0000100110011000000000001100000000000000
0000100101100111111111110010000000000000
1111111111100101000010000010001000000000
0000100101110000000000001110001000000000
0000100101110000000000001100000000000000
1111111111011001000111010000001000000000
0000100101010101000001110010000000000000
0000100101010000000000001110001000000000
0000100101010111111111110010000000000000
0000100101110000000000001110001000000000
0000100011100101000010000100000000000000
0000100101110101000010000010010001001000
0000100101110101000010000010000000000000
0000100110100000000000001110001000010101
1111111111101001000101010100000000000000
1111111111101101000010000010000000001000
0000000000000000000000000000000000000000
0000100011100101000010000010000000000000
0000100110100101000010000010000000100011
0000100011100000000000001110001000000000
0000100011100000000000001100000000000000
0000010101000111111111110010000000000000
0000100001110000000000001110001000000000
1111111111101111111111110010000000000000
1111111111011001000110000000001000000000
0000100101110101000010000010000000000000
0000100110100101000010000010000000100011
0000100101110000000000001110001000000000
0000100101110000000000001100000000000000
0000011001000111111111110010000000000000
0000100001111000000000001110001000000000
1111111111101111111111110010000000000000
1111111111011001000111000000001000000000
0000011100111001000111100010000000000000
0000011101000001000111100100000000000000
0000100001110001000111110010001000000000
0000100001111001000111110100010000000000
0000001010001001001000000010001000000000
0000001010100001001000000100010000000000
0000100110101000000000001110001000000000
0000100110110000000000001110010000000000
0000100110101001001000010010000000000000
0000100110111000000000001110001000000000
0000000000000000000000000000000000000000
0000100110110001001000100010000000000000
0000100111000000000000001110001000000000
0000000000000000000000000000000000000000
0000000101000001001000110010000000000000
0000100110111001001001000010001000000000
0000100111001000000000001110001000000000
0000000101001001001000110010000000000000
0000100111000001001001000010001000000000
0000100111010000000000001110001000000000
0000100111001001001001010010000000000000
0000100111011000000000001110001000000000
0000000000000000000000000000000000000000
0000100111010001001001100010000000000000
0000100111100000000000001110001000000000
0000000000000000000000000000000000000000
0000100111011101000010000010000000000000
1111110110110000000000001110001000000000
0000100111100101000010000010000000000000
1111110110111000000000001110001000000000
0000000000000000000000000000000000000000
1111111000110000000000000000000000000000
0000000000000000000000000000000000000000
1111111011000000000011110000000000000000
0000000000000000000000000000000000000000
1111111001011000000000000000000000000000
0000000000000111110010110000000000000000
1111111011101010111001000000000000000000
1111111000110111110001100010000000000000
1111111000001111110000010010001000000000
1111111000110111110001100011010000000000
1111111000110111110001100010001000000000
1111111001001111110001100010001000000000
1111111000110111110001100010001000000000
1111111000011111110010010010001000000000
1111111001000000000000001111001000000000
1111111000110000000000001110001000000000
1111111011111000000000000000000000000000
1111111100001000000000000000000000000000
1111111011011000000000000000000000000000
0000000000000000000000000000000000000000
